1 0.03
101 2.79
201 3.916
301 4.598
401 5.093
501 5.519
601 6.201
701 6.72
801 7.126
901 7.487
1001 8.059
1101 8.533
1201 8.927
1301 9.288
1401 9.635
1501 9.948
1601 10.23
1701 10.476
1801 10.692
1901 10.884
2001 11.056
2101 11.214
2201 11.359
2301 11.497
2401 11.634
2501 11.781
2601 11.982
2701 12.215
2801 12.909
2901 13.426
3001 13.822
3101 14.14
3201 14.405
3301 14.632
3401 14.831
3501 15.009
3601 15.169
3701 15.316
3801 15.453
3901 15.582
4001 15.709
4101 15.832
4201 15.949
4301 16.06
4401 16.166
4501 16.269
4601 16.447
4687 17.194
4687 18.417
4687 19.069
4687 19.516
4687 19.858
4687 20.133
4687 20.364
4687 20.564
4687 20.739
4687 20.895
4687 21.036
4687 21.164
4687 21.282
4687 21.391
4687 21.492
4687 21.587
4687 21.676
4687 21.759
4687 21.838
4687 21.913
4687 21.985
4687 22.053
4687 22.117
4687 22.179
4687 22.239
4687 22.296
4687 22.351
4687 22.404
4687 22.455
4687 22.504
4687 22.552
4687 22.598
4687 22.643
4687 22.686
4687 22.729
4687 22.77
4687 22.809
4687 22.848
4687 22.886
4687 22.923
4687 22.958
