1 0.03
101 2.742
201 3.892
301 4.581
401 5.08
501 5.498
601 6.183
701 6.707
801 7.115
901 7.47
1001 8.044
1101 8.514
1201 8.904
1301 9.253
1401 9.598
1501 9.91
1601 10.19
1701 10.439
1801 10.658
1901 10.853
2001 11.027
2101 11.186
2201 11.333
2301 11.47
2401 11.603
2501 11.741
2601 11.9
2701 12.109
2801 12.331
2901 12.776
3001 13.307
3101 13.72
3201 14.053
3301 14.329
3401 14.565
3501 14.77
3601 14.953
3701 15.117
3801 15.267
3901 15.406
4001 15.535
4101 15.658
4201 15.781
4301 15.898
4401 16.01
4501 16.118
4601 16.22
4701 16.319
4801 16.487
4901 16.737
4929 17.203
4929 17.364
4929 17.509
4929 17.64
4929 17.761
4929 17.872
4929 17.975
4929 18.072
4929 18.162
4929 18.247
4929 18.327
4929 18.403
4929 18.475
4929 18.544
4929 18.61
4929 18.673
4929 18.733
4929 18.791
4929 18.846
4929 18.9
4929 18.951
4929 19.001
4929 19.049
4929 19.096
4929 19.141
4929 19.185
4929 19.227
4929 19.268
4929 19.308
4929 19.347
4929 19.385
4929 19.423
4929 19.459
4929 19.494
4929 19.528
4929 19.562
4929 19.595
4929 19.627
