1 3.782
101 13.236
201 14.596
301 15.333
401 15.866
501 16.279
601 16.614
701 16.895
801 17.133
901 17.349
1001 17.961
1101 18.558
1201 19.045
1301 19.411
1401 19.705
1501 19.952
1601 20.167
1638 20.389
1638 20.585
1638 20.758
1638 20.912
1638 21.051
1638 21.178
1638 21.295
1638 21.403
1638 21.503
1638 21.597
1638 21.686
1638 21.769
1638 21.847
1638 21.922
1638 21.993
1638 22.06
1638 22.125
1638 22.186
1638 22.246
1638 22.303
1638 22.357
1638 22.41
1638 22.461
1638 22.51
1638 22.558
1638 22.604
1638 22.648
1638 22.691
1638 22.733
1638 22.774
1638 22.814
1638 22.852
1638 22.89
1638 22.927
1638 22.962
1638 22.997
1638 23.031
1638 23.065
1638 23.097
1638 23.129
1638 23.16
1638 23.191
1638 23.22
1638 23.25
1638 23.278
1638 23.306
1638 23.334
1638 23.361
1638 23.387
1638 23.414
1638 23.439
1638 23.464
1638 23.489
1638 23.513
1638 23.537
1638 23.561
1638 23.584
1638 23.607
1638 23.629
1638 23.651
1638 23.673
1638 23.694
1638 23.715
1638 23.736
1638 23.757
1638 23.777
1638 23.797
1638 23.816
1638 23.836
1638 23.855
1638 23.874
