1 0.03
101 4.79
201 5.963
301 6.719
401 7.264
501 7.694
601 8.041
701 8.34
801 8.633
901 8.913
1001 9.178
1101 9.418
1201 9.632
1301 9.824
1401 9.999
1501 10.162
1601 10.319
1701 10.478
1801 10.655
1901 10.826
2001 10.989
2101 11.145
2201 11.304
2301 11.466
2401 11.622
2501 11.769
2601 11.934
2701 12.115
2801 12.292
2901 12.457
3001 12.639
3101 12.85
3201 13.067
3301 13.287
3401 13.495
3501 13.684
3601 13.856
3701 14.018
3801 14.172
3901 14.319
4001 14.461
4101 14.604
4201 14.748
4301 14.89
4401 15.029
4501 15.166
4601 15.299
4701 15.429
4801 15.556
4901 15.68
5001 15.802
5101 15.923
5201 16.046
5301 16.176
5401 16.429
5501 16.878
5601 17.372
5701 17.826
5801 18.241
5901 18.631
6001 19.0
6101 19.345
6201 19.661
6292 19.953
6292 20.213
6292 20.432
6292 20.623
6292 20.792
6292 20.942
6292 21.079
6292 21.204
6292 21.318
6292 21.425
6292 21.524
6292 21.616
6292 21.703
6292 21.786
6292 21.863
6292 21.937
6292 22.007
6292 22.074
6292 22.138
6292 22.199
6292 22.258
6292 22.314
6292 22.369
6292 22.421
6292 22.471
