1 1.328
101 8.125
201 9.207
301 9.882
401 10.368
501 10.741
601 11.047
701 11.307
801 11.535
901 11.735
1001 11.914
1101 12.076
1201 12.223
1301 12.358
1401 12.484
1501 12.601
1601 12.711
1701 12.814
1801 12.913
1901 13.006
2001 13.095
2101 13.181
2201 13.263
2301 13.342
2401 13.418
2501 13.493
2601 13.565
2701 13.638
2801 13.713
2901 13.79
3001 13.868
3101 13.946
3201 14.023
3301 14.1
3401 14.179
3501 14.263
3601 14.349
3701 14.452
3801 14.561
3901 14.676
4001 14.854
4101 15.052
4201 15.23
4301 15.393
4401 15.543
4501 15.684
4601 15.827
4701 15.978
4801 16.121
4901 16.254
5001 16.377
5101 16.492
5201 16.6
5301 16.701
5401 16.797
5501 16.887
5601 16.974
5701 17.056
5801 17.135
5901 17.211
6001 17.286
6101 17.388
6201 17.833
6209 18.662
6209 19.189
6209 19.574
6209 19.878
6209 20.129
6209 20.342
6209 20.528
6209 20.693
6209 20.841
6209 20.975
6209 21.098
6209 21.211
6209 21.315
6209 21.413
6209 21.505
6209 21.591
6209 21.672
6209 21.749
6209 21.822
6209 21.891
6209 21.958
6209 22.021
6209 22.082
6209 22.14
6209 22.196
