1 0.03
101 2.79
201 3.916
301 4.598
401 5.093
501 5.519
601 6.201
701 6.72
801 7.126
901 7.487
1001 8.057
1101 8.531
1201 8.924
1301 9.281
1401 9.626
1501 9.935
1601 10.217
1701 10.464
1801 10.681
1901 10.873
2001 11.046
2101 11.204
2201 11.35
2301 11.487
2401 11.621
2501 11.761
2601 11.929
2701 12.146
2801 12.478
2901 13.074
3001 13.543
3101 13.911
3201 14.211
3301 14.465
3401 14.683
3501 14.875
3601 15.048
3701 15.204
3801 15.348
3901 15.481
4001 15.607
4101 15.732
4201 15.852
4301 15.967
4401 16.077
4501 16.181
4601 16.282
4701 16.427
4789 16.615
4789 16.752
4789 16.877
4789 16.992
4789 17.099
4789 17.198
4789 17.291
4789 17.378
4789 17.46
4789 17.538
4789 17.612
4789 17.682
4789 17.749
4789 17.814
4789 17.875
4789 17.934
4789 17.99
4789 18.045
4789 18.097
4789 18.147
4789 18.196
4789 18.244
4789 18.289
4789 18.334
4789 18.377
4789 18.418
4789 18.459
4789 18.499
4789 18.537
4789 18.574
4789 18.611
4789 18.647
4789 18.681
4789 18.715
4789 18.748
4789 18.781
4789 18.812
4789 18.843
4789 18.874
4789 18.903
