mnist_relu_3_50.tf,0.060000,1,2,null,verified,drefine,1,0,0,0.184311,0.000000,0.155958
mnist_relu_3_50.tf,0.060000,1,2,null,verified,drefine,1,0,0,0.494137,0.000000,0.188197,0.000000,0.159073
mnist_relu_3_50.tf,0.500000,1,0,null,failed,drefine,1,1,0,0.494137,0.822208,0.058307,0.000236,0.022575
mnist_relu_3_50.tf,0.050000,1,2,null,verified,drefine,1,29,121,0.494137,0.000000,10.628940,0.072829,10.520354
mnist_relu_3_50.tf,0.200000,1,2,null,verified,drefine,1,0,0,0.494137,0.000000,0.186892,0.000000,0.149818
mnist_relu_3_50.tf,0.400000,1,2,null,verified,drefine,1,0,0,0.494137,0.000000,0.204832,0.000000,0.170834
mnist_relu_3_50.tf,0.500000,1,2,null,verified,drefine,1,0,0,0.494137,0.000000,0.213179,0.000000,0.179953
mnist_relu_3_50.tf,0.600000,1,2,null,verified,drefine,1,0,0,0.494137,0.000000,0.194186,0.000000,0.161145
mnist_relu_3_50.tf,0.700000,1,2,null,verified,drefine,1,0,0,0.494137,0.000000,0.185100,0.000000,0.152571
mnist_relu_3_50.tf,0.200000,1,2,null,failed,drefine,1,3,0,0.494137,0.732561,1.759179,0.004380,1.718683
mnist_relu_3_50.tf,0.200000,1,2,null,failed,drefine,1,3,0,0.494137,0.732561,1.855804,0.004563,1.814992
