1 0.03
101 6.564
201 7.576
301 8.185
401 8.625
501 8.968
601 9.253
701 9.496
801 9.71
901 9.902
1001 10.075
1101 10.235
1201 10.383
1301 10.519
1401 10.646
1501 10.763
1601 10.873
1701 10.976
1801 11.073
1901 11.165
2001 11.252
2101 11.335
2201 11.415
2301 11.492
2401 11.566
2501 11.639
2601 11.711
2701 11.78
2801 11.848
2901 11.913
3001 11.978
3101 12.045
3201 12.116
3301 12.189
3401 12.263
3501 12.336
3601 12.408
3701 12.48
3801 12.55
3901 12.62
4001 12.689
4101 12.757
4201 12.825
4301 12.893
4401 12.959
4501 13.023
4601 13.086
4701 13.146
4801 13.206
4901 13.264
5001 13.323
5101 13.382
5201 13.443
5301 13.504
5401 13.568
5501 13.643
5601 13.732
5701 13.836
5801 13.975
5901 14.159
6001 14.508
6101 14.888
6201 15.35
6301 15.909
6401 16.602
6501 17.34
6601 18.181
6620 18.839
6620 19.288
6620 19.629
6620 19.906
6620 20.137
6620 20.337
6620 20.512
6620 20.668
6620 20.809
6620 20.938
6620 21.056
6620 21.165
6620 21.266
6620 21.361
6620 21.45
6620 21.533
6620 21.613
6620 21.688
6620 21.759
6620 21.827
6620 21.892
