1 0.03
101 2.79
201 3.916
301 4.598
401 5.093
501 5.519
601 6.201
701 6.72
801 7.126
901 7.487
1001 8.057
1101 8.531
1201 8.924
1301 9.281
1401 9.626
1501 9.935
1601 10.217
1701 10.464
1801 10.681
1901 10.873
2001 11.046
2101 11.204
2201 11.35
2301 11.487
2401 11.621
2501 11.761
2601 11.929
2701 12.146
2801 12.478
2901 13.074
3001 13.543
3101 13.911
3201 14.211
3301 14.465
3401 14.683
3501 14.875
3601 15.048
3701 15.204
3801 15.348
3901 15.481
4001 15.607
4101 15.732
4201 15.852
4301 15.967
4401 16.077
4501 16.181
4601 16.282
4701 16.427
4789 16.611
4789 16.722
4789 16.825
4789 16.921
4789 17.011
4789 17.096
4789 17.176
4789 17.252
4789 17.324
4789 17.393
4789 17.459
4789 17.521
4789 17.581
4789 17.639
4789 17.694
4789 17.748
4789 17.799
4789 17.849
4789 17.897
4789 17.944
4789 17.989
4789 18.033
4789 18.075
4789 18.116
4789 18.156
4789 18.195
4789 18.233
4789 18.27
4789 18.306
4789 18.341
4789 18.376
4789 18.409
4789 18.442
4789 18.474
4789 18.505
4789 18.536
4789 18.566
4789 18.596
4789 18.624
4789 18.653
