1 0.03
101 4.273
201 5.434
301 6.128
401 6.656
501 7.095
601 7.496
701 8.08
801 8.736
901 9.305
1001 9.75
1101 10.103
1201 10.394
1301 10.641
1401 10.857
1501 11.052
1601 11.232
1701 11.398
1801 11.551
1901 11.691
2001 11.821
2101 11.941
2201 12.055
2301 12.163
2401 12.266
2501 12.363
2601 12.456
2701 12.544
2801 12.629
2901 12.718
3001 12.815
3101 12.91
3201 13.003
3301 13.094
3401 13.19
3501 13.303
3601 13.417
3701 13.537
3801 13.699
3901 13.962
4001 14.226
4101 14.546
4201 14.948
4301 15.285
4401 15.569
4501 15.809
4601 16.019
4701 16.203
4801 16.368
4901 16.518
5001 16.654
5101 16.78
5201 16.897
5301 17.006
5401 17.108
5501 17.205
5601 17.295
5701 17.381
5801 17.463
5901 17.541
6001 17.617
6101 17.694
6201 17.879
6240 18.58
6240 19.103
6240 19.486
6240 19.788
6240 20.038
6240 20.251
6240 20.436
6240 20.6
6240 20.748
6240 20.882
6240 21.004
6240 21.117
6240 21.222
6240 21.319
6240 21.41
6240 21.496
6240 21.578
6240 21.654
6240 21.727
6240 21.797
6240 21.863
6240 21.926
6240 21.987
6240 22.045
6240 22.101
