1 0.03
101 2.79
201 3.916
301 4.598
401 5.093
501 5.519
601 6.201
701 6.72
801 7.126
901 7.487
1001 8.059
1101 8.533
1201 8.927
1301 9.288
1401 9.635
1501 9.948
1601 10.23
1701 10.476
1801 10.692
1901 10.884
2001 11.056
2101 11.214
2201 11.359
2301 11.497
2401 11.634
2501 11.781
2601 11.982
2701 12.215
2801 12.927
2901 13.442
3001 13.836
3101 14.152
3201 14.416
3301 14.642
3401 14.84
3501 15.017
3601 15.177
3701 15.324
3801 15.461
3901 15.59
4001 15.718
4101 15.841
4201 15.958
4301 16.069
4401 16.176
4501 16.279
4601 16.48
4633 16.618
4633 16.722
4633 16.819
4633 16.909
4633 16.995
4633 17.075
4633 17.152
4633 17.224
4633 17.293
4633 17.359
4633 17.422
4633 17.482
4633 17.54
4633 17.596
4633 17.649
4633 17.701
4633 17.751
4633 17.799
4633 17.846
4633 17.891
4633 17.935
4633 17.978
4633 18.019
4633 18.059
4633 18.098
4633 18.136
4633 18.173
4633 18.209
4633 18.245
4633 18.279
4633 18.313
4633 18.346
4633 18.378
4633 18.409
4633 18.44
4633 18.47
4633 18.499
4633 18.528
4633 18.557
4633 18.585
4633 18.612
