1 0.03
101 2.079
201 3.583
301 4.377
401 4.926
501 5.356
601 5.967
701 6.545
801 6.986
901 7.347
1001 7.858
1101 8.365
1201 8.774
1301 9.125
1401 9.471
1501 9.793
1601 10.083
1701 10.342
1801 10.571
1901 10.774
2001 10.956
2101 11.12
2201 11.271
2301 11.411
2401 11.544
2501 11.677
2601 11.816
2701 11.988
2801 12.194
2901 12.416
3001 12.84
3101 13.345
3201 13.745
3301 14.071
3401 14.343
3501 14.576
3601 14.78
3701 14.96
3801 15.124
3901 15.273
4001 15.41
4101 15.538
4201 15.66
4301 15.78
4401 15.896
4501 16.008
4601 16.114
4701 16.216
4801 16.314
4901 16.434
5001 16.62
5101 16.836
5201 17.252
5301 17.943
5303 18.046
5303 18.124
5303 18.198
5303 18.268
5303 18.335
5303 18.399
5303 18.46
5303 18.519
5303 18.576
5303 18.63
5303 18.682
5303 18.733
5303 18.782
5303 18.829
5303 18.875
5303 18.919
5303 18.962
5303 19.004
5303 19.044
5303 19.084
5303 19.122
5303 19.16
5303 19.196
5303 19.232
5303 19.267
5303 19.3
5303 19.334
5303 19.366
5303 19.398
5303 19.429
5303 19.459
5303 19.489
5303 19.518
5303 19.546
