1 0.03
101 8.622
201 13.364
301 15.542
374 16.872
374 16.96
374 17.042
374 17.12
374 17.194
374 17.265
374 17.332
374 17.396
374 17.457
374 17.516
374 17.573
374 17.627
374 17.68
374 17.73
374 17.779
374 17.827
374 17.872
374 17.917
374 17.96
374 18.002
374 18.042
374 18.082
374 18.12
374 18.158
374 18.194
374 18.23
374 18.265
374 18.299
374 18.332
374 18.364
374 18.396
374 18.427
374 18.457
374 18.487
374 18.516
374 18.545
374 18.573
374 18.6
374 18.627
374 18.654
374 18.68
374 18.705
374 18.73
374 18.755
374 18.779
374 18.803
374 18.827
374 18.85
374 18.873
374 18.895
374 18.917
374 18.939
374 18.96
374 18.981
374 19.002
374 19.022
374 19.042
374 19.062
374 19.082
374 19.101
374 19.12
374 19.139
374 19.158
374 19.176
374 19.194
374 19.212
374 19.23
374 19.248
374 19.265
374 19.282
374 19.299
374 19.316
374 19.332
374 19.348
374 19.364
374 19.38
374 19.396
374 19.412
374 19.427
374 19.442
374 19.458
374 19.472
374 19.487
374 19.502
