W shape (4, 4, 1, 32)
Conv2D {'filters': 32, 'kernel_size': [4, 4], 'input_shape': [28, 28, 1], 'stride': [2, 2], 'padding': 1} W.shape: (4, 4, 1, 32) b.shape: (32,)
	OutShape:  (1, 14, 14, 32)
correct label:9
[[[[3.70309968e-03 0.00000000e+00 0.00000000e+00 ... 5.92793971e-02
    0.00000000e+00 0.00000000e+00]
   [3.70309968e-03 0.00000000e+00 0.00000000e+00 ... 5.92793971e-02
    0.00000000e+00 0.00000000e+00]
   [3.70309968e-03 0.00000000e+00 0.00000000e+00 ... 5.92793971e-02
    0.00000000e+00 0.00000000e+00]
   ...
   [3.70309968e-03 0.00000000e+00 0.00000000e+00 ... 5.92793971e-02
    0.00000000e+00 0.00000000e+00]
   [3.70309968e-03 0.00000000e+00 0.00000000e+00 ... 5.92793971e-02
    0.00000000e+00 0.00000000e+00]
   [3.70309968e-03 0.00000000e+00 0.00000000e+00 ... 5.92793971e-02
    0.00000000e+00 0.00000000e+00]]

  [[3.70309968e-03 0.00000000e+00 0.00000000e+00 ... 5.92793971e-02
    0.00000000e+00 0.00000000e+00]
   [3.70309968e-03 0.00000000e+00 0.00000000e+00 ... 5.92793971e-02
    0.00000000e+00 0.00000000e+00]
   [3.70309968e-03 0.00000000e+00 0.00000000e+00 ... 5.92793971e-02
    0.00000000e+00 0.00000000e+00]
   ...
   [3.70309968e-03 0.00000000e+00 0.00000000e+00 ... 5.92793971e-02
    0.00000000e+00 0.00000000e+00]
   [3.70309968e-03 0.00000000e+00 0.00000000e+00 ... 5.92793971e-02
    0.00000000e+00 0.00000000e+00]
   [3.70309968e-03 0.00000000e+00 0.00000000e+00 ... 5.92793971e-02
    0.00000000e+00 0.00000000e+00]]

  [[3.70309968e-03 0.00000000e+00 0.00000000e+00 ... 5.92793971e-02
    0.00000000e+00 0.00000000e+00]
   [3.70309968e-03 0.00000000e+00 0.00000000e+00 ... 5.92793971e-02
    0.00000000e+00 0.00000000e+00]
   [3.70309968e-03 0.00000000e+00 0.00000000e+00 ... 5.92793971e-02
    0.00000000e+00 0.00000000e+00]
   ...
   [3.70309968e-03 0.00000000e+00 0.00000000e+00 ... 5.92793971e-02
    0.00000000e+00 0.00000000e+00]
   [3.70309968e-03 0.00000000e+00 0.00000000e+00 ... 5.92793971e-02
    0.00000000e+00 0.00000000e+00]
   [3.70309968e-03 0.00000000e+00 0.00000000e+00 ... 5.92793971e-02
    0.00000000e+00 0.00000000e+00]]

  ...

  [[3.70309968e-03 0.00000000e+00 0.00000000e+00 ... 5.92793971e-02
    0.00000000e+00 0.00000000e+00]
   [3.70309968e-03 0.00000000e+00 0.00000000e+00 ... 5.92793971e-02
    0.00000000e+00 0.00000000e+00]
   [3.70309968e-03 0.00000000e+00 0.00000000e+00 ... 5.92793971e-02
    0.00000000e+00 0.00000000e+00]
   ...
   [6.78778009e-05 0.00000000e+00 0.00000000e+00 ... 1.74697262e-01
    0.00000000e+00 0.00000000e+00]
   [3.23615805e-03 0.00000000e+00 0.00000000e+00 ... 5.93756482e-02
    0.00000000e+00 0.00000000e+00]
   [3.70309968e-03 0.00000000e+00 0.00000000e+00 ... 5.92793971e-02
    0.00000000e+00 0.00000000e+00]]

  [[3.70309968e-03 0.00000000e+00 0.00000000e+00 ... 5.92793971e-02
    0.00000000e+00 0.00000000e+00]
   [3.70309968e-03 0.00000000e+00 0.00000000e+00 ... 5.92793971e-02
    0.00000000e+00 0.00000000e+00]
   [3.70309968e-03 0.00000000e+00 0.00000000e+00 ... 5.92793971e-02
    0.00000000e+00 0.00000000e+00]
   ...
   [0.00000000e+00 0.00000000e+00 0.00000000e+00 ... 6.06467710e-02
    0.00000000e+00 0.00000000e+00]
   [3.94727891e-03 0.00000000e+00 0.00000000e+00 ... 5.87909828e-02
    0.00000000e+00 0.00000000e+00]
   [3.70309968e-03 0.00000000e+00 0.00000000e+00 ... 5.92793971e-02
    0.00000000e+00 0.00000000e+00]]

  [[3.70309968e-03 0.00000000e+00 0.00000000e+00 ... 5.92793971e-02
    0.00000000e+00 0.00000000e+00]
   [3.70309968e-03 0.00000000e+00 0.00000000e+00 ... 5.92793971e-02
    0.00000000e+00 0.00000000e+00]
   [3.70309968e-03 0.00000000e+00 0.00000000e+00 ... 5.92793971e-02
    0.00000000e+00 0.00000000e+00]
   ...
   [0.00000000e+00 0.00000000e+00 0.00000000e+00 ... 6.01771004e-02
    0.00000000e+00 0.00000000e+00]
   [2.13943456e-03 0.00000000e+00 0.00000000e+00 ... 5.94091836e-02
    0.00000000e+00 0.00000000e+00]
   [3.70309968e-03 0.00000000e+00 0.00000000e+00 ... 5.92793971e-02
    0.00000000e+00 0.00000000e+00]]]]
1
sat
