0.6223174375190865
0.0
0.0
0.0
0.0
1.4401942786062136
0.0
1.3231466450961307
0.0
0.0
0.10956827527843416
0.0
0.0
0.0
0.038611126226896886
0.0
0.0
0.0
0.6063186667815899
1.4151143467315705
0.0608101945836097
0.0
0.0
0.0
0.0
0.03176576020632638
0.0
0.0
0.08787496015429497
0.7237593301106244
0.0
0.0
0.6202406772281392
0.0
0.0
0.0
0.0
1.4294470717431977
0.0
1.3250600835308433
0.0
0.0
1.439245047280565
0.0
0.0
0.0
0.03074459124036366
0.0
0.0
0.0
0.6156635069164622
1.4173978123726556
0.0
0.0
0.0
0.009021527337608859
0.0
0.030640311259048758
0.0
0.0
0.10879304830450565
0.7228298692643875
0.0
0.0
0.6202406772281392
0.0
0.0
0.0
0.0
1.4294470717431977
0.0
1.3250600835308433
0.0
0.0
1.439245047280565
0.0
0.0
0.0
0.03074459124036366
0.0
0.0
0.0
0.6156635069164622
1.4173978123726556
0.0
0.0
0.0
0.009021527337608859
0.0
0.030640311259048758
0.0
0.0
0.10879304830450565
0.7228298692643875
0.0
0.0
0.6202406772281392
0.0
0.0
0.0
0.0
1.4294470717431977
0.0
1.3250600835308433
0.0
0.0
1.439245047280565
0.0
0.0
0.0
0.03074459124036366
0.0
0.0
0.0
0.6156635069164622
1.4173978123726556
0.0
0.0
0.0
0.009021527337608859
0.0
0.030640311259048758
0.0
0.0
0.10879304830450565
0.7228298692643875
0.0
0.0
0.6202406772281392
0.0
0.0
0.0
0.0
1.4294470717431977
0.0
1.3250600835308433
0.0
0.0
1.439245047280565
0.0
0.0
0.0
0.03074459124036366
0.0
0.0
0.0
0.6156635069164622
1.4173978123726556
0.0
0.0
0.0
0.009021527337608859
0.0
0.030640311259048758
0.0
0.0
0.10879304830450565
0.7228298692643875
0.0
0.0
0.6202406772281392
0.0
0.0
0.0
0.0
1.4294470717431977
0.0
1.3250600835308433
0.0
0.0
1.439245047280565
0.0
0.0
0.0
0.03074459124036366
0.0
0.0
0.0
0.6156635069164622
1.4173978123726556
0.0
0.0
0.0
0.009021527337608859
0.0
0.030640311259048758
0.0
0.0
0.10879304830450565
0.7228298692643875
0.0
0.0
0.6202406772281392
0.0
0.0
0.0
0.0
1.4294470717431977
0.0
1.3250600835308433
0.0
0.0
1.439245047280565
0.0
0.0
0.0
0.03074459124036366
0.0
0.0
0.0
0.6156635069164622
1.4173978123726556
0.0
0.0
0.0
0.009021527337608859
0.0
0.030640311259048758
0.0
0.0
0.10879304830450565
0.7228298692643875
0.0
0.0
0.6202406772281392
0.0
0.0
0.0
0.0
1.4294470717431977
0.0
1.3250600835308433
0.0
0.0
1.439245047280565
0.0
0.0
0.0
0.03074459124036366
0.0
0.0
0.0
0.6156635069164622
1.4173978123726556
0.0
0.0
0.0
0.009021527337608859
0.0
0.030640311259048758
0.0
0.0
0.10879304830450565
0.7228298692643875
0.0
0.0
0.6202406772281392
0.0
0.0
0.0
0.0
1.4294470717431977
0.0
1.3250600835308433
0.0
0.0
1.439245047280565
0.0
0.0
0.0
0.03074459124036366
0.0
0.0
0.0
0.6156635069164622
1.4173978123726556
0.0
0.0
0.0
0.009021527337608859
0.0
0.030640311259048758
0.0
0.0
0.10879304830450565
0.7228298692643875
0.0
0.0
0.6202406772281392
0.0
0.0
0.0
0.0
1.4294470717431977
0.0
1.3250600835308433
0.0
0.0
1.439245047280565
0.0
0.0
0.0
0.03074459124036366
0.0
0.0
0.0
0.6156635069164622
1.4173978123726556
0.0
0.0
0.0
0.009021527337608859
0.0
0.030640311259048758
0.0
0.0
0.10879304830450565
0.7228298692643875
0.0
0.0
0.6202406772281392
0.0
0.0
0.0
0.0
1.4294470717431977
0.0
1.3250600835308433
0.0
0.0
1.439245047280565
0.0
0.0
0.0
0.03074459124036366
0.0
0.0
0.0
0.6156635069164622
1.4173978123726556
0.0
0.0
0.0
0.009021527337608859
0.0
0.030640311259048758
0.0
0.0
0.10879304830450565
0.7228298692643875
0.0
0.0
0.6202406772281392
0.0
0.0
0.0
0.0
1.4294470717431977
0.0
1.3250600835308433
0.0
0.0
1.439245047280565
0.0
0.0
0.0
0.03074459124036366
0.0
0.0
0.0
0.6156635069164622
1.4173978123726556
0.0
0.0
0.0
0.009021527337608859
0.0
0.030640311259048758
0.0
0.0
0.10879304830450565
0.7228298692643875
0.0
0.0
0.6202406772281392
0.0
0.0
0.0
0.0
1.4294470717431977
0.0
1.3250600835308433
0.0
0.0
1.439245047280565
0.0
0.0
0.0
0.03074459124036366
0.0
0.0
0.0
0.6156635069164622
1.4173978123726556
0.0
0.0
0.0
0.009021527337608859
0.0
0.030640311259048758
0.0
0.0
0.10879304830450565
0.7228298692643875
0.0
0.0
0.00041708358185132965
0.0
0.0
0.0
0.0
1.4354031237307936
0.0
1.3386451504193246
0.0
0.0
1.4428160092793405
0.0
0.0
0.0
0.038758160757424776
0.0
0.0
0.0
0.6213797423442884
0.11340581790136639
0.11531988123897463
0.0
0.0
0.0
0.0
0.030003290110471426
0.0
0.0
0.1203041459666565
0.721514824181213
0.0
0.0
0.5896153342619073
0.0
0.0
0.0
0.0
1.426791722420603
0.0
1.324490207945928
0.0
0.0
0.10993716539815068
0.0
0.0
0.0
0.49867825312685454
0.0
0.0
0.0
0.5934806884688442
1.4120419124374166
0.0483579637366347
0.0
0.0
0.0
0.0
0.4207782974044676
0.0
0.0
0.0
0.7269301641208585
0.0
0.0
0.5824265918563469
0.0
0.0
0.0
0.0
1.4148363925050944
0.0
1.3272874665562995
0.0
0.0
1.4448577533476055
0.0
0.0
0.0
0.48585312811337644
0.0
0.0
0.0
0.5965512414804834
1.4147086038428824
0.0
0.0
0.0
0.0
0.0
0.4196989584925177
0.0
0.0
0.0
0.7264250053121941
0.0
0.0
0.5824265918563469
0.0
0.0
0.0
0.0
1.4148363925050944
0.0
1.3272874665562995
0.0
0.0
1.4448577533476055
0.0
0.0
0.0
0.48585312811337644
0.0
0.0
0.0
0.5965512414804834
1.4147086038428824
0.0
0.0
0.0
0.0
0.0
0.4196989584925177
0.0
0.0
0.0
0.7264250053121941
0.0
0.0
0.5824265918563469
0.0
0.0
0.0
0.0
1.4148363925050944
0.0
1.3272874665562995
0.0
0.0
1.4448577533476055
0.0
0.0
0.0
0.48585312811337644
0.0
0.0
0.0
0.5965512414804834
1.4147086038428824
0.0
0.0
0.0
0.0
0.0
0.4196989584925177
0.0
0.0
0.0
0.7264250053121941
0.0
0.0
0.5824265918563469
0.0
0.0
0.0
0.0
1.4148363925050944
0.0
1.3272874665562995
0.0
0.0
1.4448577533476055
0.0
0.0
0.0
0.48585312811337644
0.0
0.0
0.0
0.5965512414804834
1.4147086038428824
0.0
0.0
0.0
0.0
0.0
0.4196989584925177
0.0
0.0
0.0
0.7264250053121941
0.0
0.0
0.5824265918563469
0.0
0.0
0.0
0.0
1.4148363925050944
0.0
1.3272874665562995
0.0
0.0
1.4448577533476055
0.0
0.0
0.0
0.48585312811337644
0.0
0.0
0.0
0.5965512414804834
1.4147086038428824
0.0
0.0
0.0
0.0
0.0
0.4196989584925177
0.0
0.0
0.0
0.7264250053121941
0.0
0.0
0.5824265918563469
0.0
0.0
0.0
0.0
1.4148363925050944
0.0
1.3272874665562995
0.0
0.0
1.4448577533476055
0.0
0.0
0.0
0.48585312811337644
0.0
0.0
0.0
0.5965512414804834
1.4147086038428824
0.0
0.0
0.0
0.0
0.0
0.4196989584925177
0.0
0.0
0.0
0.7264250053121941
0.0
0.0
0.5824265918563469
0.0
0.0
0.0
0.0
1.4148363925050944
0.0
1.3272874665562995
0.0
0.0
1.4448577533476055
0.0
0.0
0.0
0.48585312811337644
0.0
0.0
0.0
0.5965512414804834
1.4147086038428824
0.0
0.0
0.0
0.0
0.0
0.4196989584925177
0.0
0.0
0.0
0.7264250053121941
0.0
0.0
0.5824265918563469
0.0
0.0
0.0
0.0
1.4148363925050944
0.0
1.3272874665562995
0.0
0.0
1.4448577533476055
0.0
0.0
0.0
0.48585312811337644
0.0
0.0
0.0
0.5965512414804834
1.4147086038428824
0.0
0.0
0.0
0.0
0.0
0.4196989584925177
0.0
0.0
0.0
0.7264250053121941
0.0
0.0
0.5824265918563469
0.0
0.0
0.0
0.0
1.4148363925050944
0.0
1.3272874665562995
0.0
0.0
1.4448577533476055
0.0
0.0
0.0
0.48585312811337644
0.0
0.0
0.0
0.5965512414804834
1.4147086038428824
0.0
0.0
0.0
0.0
0.0
0.4196989584925177
0.0
0.0
0.0
0.7264250053121941
0.0
0.0
0.5824265918563469
0.0
0.0
0.0
0.0
1.4148363925050944
0.0
1.3272874665562995
0.0
0.0
1.4448577533476055
0.0
0.0
0.0
0.48585312811337644
0.0
0.0
0.0
0.5965512414804834
1.4147086038428824
0.0
0.0
0.0
0.0
0.0
0.4196989584925177
0.0
0.0
0.0
0.7264250053121941
0.0
0.0
0.5824265918563469
0.0
0.0
0.0
0.0
1.4148363925050944
0.0
1.3272874665562995
0.0
0.0
1.4448577533476055
0.0
0.0
0.0
0.48585312811337644
0.0
0.0
0.0
0.5965512414804834
1.4147086038428824
0.0
0.0
0.0
0.0
0.0
0.4196989584925177
0.0
0.0
0.0
0.7264250053121941
0.0
0.0
0.5824265918563469
0.0
0.0
0.0
0.0
1.4148363925050944
0.0
1.3272874665562995
0.0
0.0
1.4448577533476055
0.0
0.0
0.0
0.48585312811337644
0.0
0.0
0.0
0.5965512414804834
1.4147086038428824
0.0
0.0
0.0
0.0
0.0
0.4196989584925177
0.0
0.0
0.0
0.7264250053121941
0.0
0.0
0.0
0.0
0.0
0.0
0.0
1.4266079621156678
0.0
1.3453380701248534
0.0
0.0
1.4501687567681074
0.0
0.0
0.0
0.4932694253875525
0.0
0.0
0.0
0.6065716479824914
0.11304529136396013
0.11233546306903008
0.0
0.0
0.0
0.0
0.022883483183250064
0.0
0.0
0.0
0.7241578625835245
0.0
0.0
0.5896153342619073
0.0
0.0
0.0
0.0
1.426791722420603
0.0
1.324490207945928
0.0
0.0
0.10993716539815068
0.0
0.0
0.0
0.49867825312685454
0.0
0.0
0.0
0.5934806884688442
1.4120419124374166
0.0483579637366347
0.0
0.0
0.0
0.0
0.4207782974044676
0.0
0.0
0.0
0.7269301641208585
0.0
0.0
0.5824265918563469
0.0
0.0
0.0
0.0
1.4148363925050944
0.0
1.3272874665562995
0.0
0.0
1.4448577533476055
0.0
0.0
0.0
0.48585312811337644
0.0
0.0
0.0
0.5965512414804834
1.4147086038428824
0.0
0.0
0.0
0.0
0.0
0.4196989584925177
0.0
0.0
0.0
0.7264250053121941
0.0
0.0
0.5824265918563469
0.0
0.0
0.0
0.0
1.4148363925050944
0.0
1.3272874665562995
0.0
0.0
1.4448577533476055
0.0
0.0
0.0
0.48585312811337644
0.0
0.0
0.0
0.5965512414804834
1.4147086038428824
0.0
0.0
0.0
0.0
0.0
0.4196989584925177
0.0
0.0
0.0
0.7264250053121941
0.0
0.0
0.5824265918563469
0.0
0.0
0.0
0.0
1.4148363925050944
0.0
1.3272874665562995
0.0
0.0
1.4448577533476055
0.0
0.0
0.0
0.48585312811337644
0.0
0.0
0.0
0.5965512414804834
1.4147086038428824
0.0
0.0
0.0
0.0
0.0
0.4196989584925177
0.0
0.0
0.0
0.7264250053121941
0.0
0.0
0.5824265918563469
0.0
0.0
0.0
0.0
1.4148363925050944
0.0
1.3272874665562995
0.0
0.0
1.4448577533476055
0.0
0.0
0.0
0.48585312811337644
0.0
0.0
0.0
0.5965512414804834
1.4147086038428824
0.0
0.0
0.0
0.0
0.0
0.4196989584925177
0.0
0.0
0.0
0.7264250053121941
0.0
0.0
0.5824265918563469
0.0
0.0
0.0
0.0
1.4148363925050944
0.0
1.3272874665562995
0.0
0.0
1.4448577533476055
0.0
0.0
0.0
0.48585312811337644
0.0
0.0
0.0
0.5965512414804834
1.4147086038428824
0.0
0.0
0.0
0.0
0.0
0.4196989584925177
0.0
0.0
0.0
0.7264250053121941
0.0
0.0
0.5824265918563469
0.0
0.0
0.0
0.0
1.4148363925050944
0.0
1.3272874665562995
0.0
0.0
1.4448577533476055
0.0
0.0
0.0
0.48585312811337644
0.0
0.0
0.0
0.5965512414804834
1.4147086038428824
0.0
0.0
0.0
0.0
0.0
0.4196989584925177
0.0
0.0
0.0
0.7264250053121941
0.0
0.0
0.5824265918563469
0.0
0.0
0.0
0.0
1.4148363925050944
0.0
1.3272874665562995
0.0
0.0
1.4448577533476055
0.0
0.0
0.0
0.48585312811337644
0.0
0.0
0.0
0.5965512414804834
1.4147086038428824
0.0
0.0
0.0
0.0
0.0
0.4196989584925177
0.0
0.0
0.0
0.7264250053121941
0.0
0.0
0.5824265918563469
0.0
0.0
0.0
0.0
1.4148363925050944
0.0
1.3272874665562995
0.0
0.0
1.4448577533476055
0.0
0.0
0.0
0.48585312811337644
0.0
0.0
0.0
0.5965512414804834
1.4147086038428824
0.0
0.0
0.0
0.0
0.0
0.4196989584925177
0.0
0.0
0.0
0.7264250053121941
0.0
0.0
0.5824265918563469
0.0
0.0
0.0
0.0
1.4148363925050944
0.0
1.3272874665562995
0.0
0.0
1.4448577533476055
0.0
0.0
0.0
0.48585312811337644
0.0
0.0
0.0
0.5965512414804834
1.4147086038428824
0.0
0.0
0.0
0.0
0.0
0.4196989584925177
0.0
0.0
0.0
0.7264250053121941
0.0
0.0
0.5824265918563469
0.0
0.0
0.0
0.0
1.4148363925050944
0.0
1.3272874665562995
0.0
0.0
1.4448577533476055
0.0
0.0
0.0
0.48585312811337644
0.0
0.0
0.0
0.5965512414804834
1.4147086038428824
0.0
0.0
0.0
0.0
0.0
0.4196989584925177
0.0
0.0
0.0
0.7264250053121941
0.0
0.0
0.5824265918563469
0.0
0.0
0.0
0.0
1.4148363925050944
0.0
1.3272874665562995
0.0
0.0
1.4448577533476055
0.0
0.0
0.0
0.48585312811337644
0.0
0.0
0.0
0.5965512414804834
1.4147086038428824
0.0
0.0
0.0
0.0
0.0
0.4196989584925177
0.0
0.0
0.0
0.7264250053121941
0.0
0.0
0.5824265918563469
0.0
0.0
0.0
0.0
1.4148363925050944
0.0
1.3272874665562995
0.0
0.0
1.4448577533476055
0.0
0.0
0.0
0.48585312811337644
0.0
0.0
0.0
0.5965512414804834
1.4147086038428824
0.0
0.0
0.0
0.0
0.0
0.4196989584925177
0.0
0.0
0.0
0.7264250053121941
0.0
0.0
0.0
0.0
0.0
0.0
0.0
1.4266079621156678
0.0
1.3453380701248534
0.0
0.0
1.4501687567681074
0.0
0.0
0.0
0.4932694253875525
0.0
0.0
0.0
0.6065716479824914
0.11304529136396013
0.11233546306903008
0.0
0.0
0.0
0.0
0.022883483183250064
0.0
0.0
0.0
0.7241578625835245
0.0
0.0
0.5896153342619073
0.0
0.0
0.0
0.0
1.426791722420603
0.0
1.324490207945928
0.0
0.0
0.10993716539815068
0.0
0.0
0.0
0.49867825312685454
0.0
0.0
0.0
0.5934806884688442
1.4120419124374166
0.0483579637366347
0.0
0.0
0.0
0.0
0.4207782974044676
0.0
0.0
0.0
0.7269301641208585
0.0
0.0
0.5824265918563469
0.0
0.0
0.0
0.0
1.4148363925050944
0.0
1.3272874665562995
0.0
0.0
1.4448577533476055
0.0
0.0
0.0
0.48585312811337644
0.0
0.0
0.0
0.5965512414804834
1.4147086038428824
0.0
0.0
0.0
0.0
0.0
0.4196989584925177
0.0
0.0
0.0
0.7264250053121941
0.0
0.0
0.5824265918563469
0.0
0.0
0.0
0.0
1.4148363925050944
0.0
1.3272874665562995
0.0
0.0
1.4448577533476055
0.0
0.0
0.0
0.48585312811337644
0.0
0.0
0.0
0.5965512414804834
1.4147086038428824
0.0
0.0
0.0
0.0
0.0
0.4196989584925177
0.0
0.0
0.0
0.7264250053121941
0.0
0.0
0.5824265918563469
0.0
0.0
0.0
0.0
1.4148363925050944
0.0
1.3272874665562995
0.0
0.0
1.4448577533476055
0.0
0.0
0.0
0.48585312811337644
0.0
0.0
0.0
0.5965512414804834
1.4147086038428824
0.0
0.0
0.0
0.0
0.0
0.4196989584925177
0.0
0.0
0.0
0.7264250053121941
0.0
0.0
0.5824265918563469
0.0
0.0
0.0
0.0
1.4148363925050944
0.0
1.3272874665562995
0.0
0.0
1.4448577533476055
0.0
0.0
0.0
0.48585312811337644
0.0
0.0
0.0
0.5965512414804834
1.4147086038428824
0.0
0.0
0.0
0.0
0.0
0.4196989584925177
0.0
0.0
0.0
0.7264250053121941
0.0
0.0
0.5824265918563469
0.0
0.0
0.0
0.0
1.4148363925050944
0.0
1.3272874665562995
0.0
0.0
1.4448577533476055
0.0
0.0
0.0
0.48585312811337644
0.0
0.0
0.0
0.5965512414804834
1.4147086038428824
0.0
0.0
0.0
0.0
0.0
0.4196989584925177
0.0
0.0
0.0
0.7264250053121941
0.0
0.0
0.5824265918563469
0.0
0.0
0.0
0.0
1.4148363925050944
0.0
1.3272874665562995
0.0
0.0
1.4448577533476055
0.0
0.0
0.0
0.48585312811337644
0.0
0.0
0.0
0.5965512414804834
1.4147086038428824
0.0
0.0
0.0
0.0
0.0
0.4196989584925177
0.0
0.0
0.0
0.7264250053121941
0.0
0.0
0.5824265918563469
0.0
0.0
0.0
0.0
1.4148363925050944
0.0
1.3272874665562995
0.0
0.0
1.4448577533476055
0.0
0.0
0.0
0.48585312811337644
0.0
0.0
0.0
0.5965512414804834
1.4147086038428824
0.0
0.0
0.0
0.0
0.0
0.4196989584925177
0.0
0.0
0.0
0.7264250053121941
0.0
0.0
0.5824265918563469
0.0
0.0
0.0
0.0
1.4148363925050944
0.0
1.3272874665562995
0.0
0.0
1.4448577533476055
0.0
0.0
0.0
0.48585312811337644
0.0
0.0
0.0
0.5965512414804834
1.4147086038428824
0.0
0.0
0.0
0.0
0.0
0.4196989584925177
0.0
0.0
0.0
0.7264250053121941
0.0
0.0
0.5824265918563469
0.0
0.0
0.0
0.0
1.4148363925050944
0.0
1.3272874665562995
0.0
0.0
1.4448577533476055
0.0
0.0
0.0
0.48585312811337644
0.0
0.0
0.0
0.5965512414804834
1.4147086038428824
0.0
0.0
0.0
0.0
0.0
0.4196989584925177
0.0
0.0
0.0
0.7264250053121941
0.0
0.0
0.5824265918563469
0.0
0.0
0.0
0.0
1.4148363925050944
0.0
1.3272874665562995
0.0
0.0
1.4448577533476055
0.0
0.0
0.0
0.48585312811337644
0.0
0.0
0.0
0.5965512414804834
1.4147086038428824
0.0
0.0
0.0
0.0
0.0
0.4196989584925177
0.0
0.0
0.0
0.7264250053121941
0.0
0.0
0.5824265918563469
0.0
0.0
0.0
0.0
1.4148363925050944
0.0
1.3272874665562995
0.0
0.0
1.4448577533476055
0.0
0.0
0.0
0.48585312811337644
0.0
0.0
0.0
0.5965512414804834
1.4147086038428824
0.0
0.0
0.0
0.0
0.0
0.4196989584925177
0.0
0.0
0.0
0.7264250053121941
0.0
0.0
0.5824265918563469
0.0
0.0
0.0
0.0
1.4148363925050944
0.0
1.3272874665562995
0.0
0.0
1.4448577533476055
0.0
0.0
0.0
0.48585312811337644
0.0
0.0
0.0
0.5965512414804834
1.4147086038428824
0.0
0.0
0.0
0.0
0.0
0.4196989584925177
0.0
0.0
0.0
0.7264250053121941
0.0
0.0
0.0
0.0
0.0
0.0
0.0
1.4266079621156678
0.0
1.3453380701248534
0.0
0.0
1.4501687567681074
0.0
0.0
0.0
0.4932694253875525
0.0
0.0
0.0
0.6065716479824914
0.11304529136396013
0.11233546306903008
0.0
0.0
0.0
0.0
0.022883483183250064
0.0
0.0
0.0
0.7241578625835245
0.0
0.0
0.5896153342619073
0.0
0.0
0.0
0.0
1.426791722420603
0.0
1.324490207945928
0.0
0.0
0.10993716539815068
0.0
0.0
0.0
0.49867825312685454
0.0
0.0
0.0
0.5934806884688442
1.4120419124374166
0.0483579637366347
0.0
0.0
0.0
0.0
0.4207782974044676
0.0
0.0
0.0
0.7269301641208585
0.0
0.0
0.5824265918563469
0.0
0.0
0.0
0.0
1.4148363925050944
0.0
1.3272874665562995
0.0
0.0
1.4448577533476055
0.0
0.0
0.0
0.48585312811337644
0.0
0.0
0.0
0.5965512414804834
1.4147086038428824
0.0
0.0
0.0
0.0
0.0
0.4196989584925177
0.0
0.0
0.0
0.7264250053121941
0.0
0.0
0.5824265918563469
0.0
0.0
0.0
0.0
1.4148363925050944
0.0
1.3272874665562995
0.0
0.0
1.4448577533476055
0.0
0.0
0.0
0.48585312811337644
0.0
0.0
0.0
0.5965512414804834
1.4147086038428824
0.0
0.0
0.0
0.0
0.0
0.4196989584925177
0.0
0.0
0.0
0.7264250053121941
0.0
0.0
0.5824265918563469
0.0
0.0
0.0
0.0
1.4148363925050944
0.0
1.3272874665562995
0.0
0.0
1.4448577533476055
0.0
0.0
0.0
0.48585312811337644
0.0
0.0
0.0
0.5965512414804834
1.4147086038428824
0.0
0.0
0.0
0.0
0.0
0.4196989584925177
0.0
0.0
0.0
0.7264250053121941
0.0
0.0
0.5824265918563469
0.0
0.0
0.0
0.0
1.4148363925050944
0.0
1.3272874665562995
0.0
0.0
1.4448577533476055
0.0
0.0
0.0
0.48585312811337644
0.0
0.0
0.0
0.5965512414804834
1.4147086038428824
0.0
0.0
0.0
0.0
0.0
0.4196989584925177
0.0
0.0
0.0
0.7264250053121941
0.0
0.0
0.5824265918563469
0.0
0.0
0.0
0.0
1.4148363925050944
0.0
1.3272874665562995
0.0
0.0
1.4448577533476055
0.0
0.0
0.0
0.48585312811337644
0.0
0.0
0.0
0.5965512414804834
1.4147086038428824
0.0
0.0
0.0
0.0
0.0
0.4196989584925177
0.0
0.0
0.0
0.7264250053121941
0.0
0.0
0.5824265918563469
0.0
0.0
0.0
0.0
1.4148363925050944
0.0
1.3272874665562995
0.0
0.0
1.4448577533476055
0.0
0.0
0.0
0.48585312811337644
0.0
0.0
0.0
0.5965512414804834
1.4147086038428824
0.0
0.0
0.0
0.0
0.0
0.4196989584925177
0.0
0.0
0.0
0.7264250053121941
0.0
0.0
0.5824265918563469
0.0
0.0
0.0
0.0
1.4148363925050944
0.0
1.3272874665562995
0.0
0.0
1.4448577533476055
0.0
0.0
0.0
0.48585312811337644
0.0
0.0
0.0
0.5965512414804834
1.4147086038428824
0.0
0.0
0.0
0.0
0.0
0.4196989584925177
0.0
0.0
0.0
0.7264250053121941
0.0
0.0
0.5824265918563469
0.0
0.0
0.0
0.0
1.4148363925050944
0.0
1.3272874665562995
0.0
0.0
1.4448577533476055
0.0
0.0
0.0
0.48585312811337644
0.0
0.0
0.0
0.5965512414804834
1.4147086038428824
0.0
0.0
0.0
0.0
0.0
0.4196989584925177
0.0
0.0
0.0
0.7264250053121941
0.0
0.0
0.5824265918563469
0.0
0.0
0.0
0.0
1.4148363925050944
0.0
1.3272874665562995
0.0
0.0
1.4448577533476055
0.0
0.0
0.0
0.48585312811337644
0.0
0.0
0.0
0.5965512414804834
1.4147086038428824
0.0
0.0
0.0
0.0
0.0
0.4196989584925177
0.0
0.0
0.0
0.7264250053121941
0.0
0.0
0.5824265918563469
0.0
0.0
0.0
0.0
1.4148363925050944
0.0
1.3272874665562995
0.0
0.0
1.4448577533476055
0.0
0.0
0.0
0.48585312811337644
0.0
0.0
0.0
0.5965512414804834
1.4147086038428824
0.0
0.0
0.0
0.0
0.0
0.4196989584925177
0.0
0.0
0.0
0.7264250053121941
0.0
0.0
0.5824265918563469
0.0
0.0
0.0
0.0
1.4148363925050944
0.0
1.3272874665562995
0.0
0.0
1.4448577533476055
0.0
0.0
0.0
0.48585312811337644
0.0
0.0
0.0
0.5965512414804834
1.4147086038428824
0.0
0.0
0.0
0.0
0.0
0.4196989584925177
0.0
0.0
0.0
0.7264250053121941
0.0
0.0
0.5824265918563469
0.0
0.0
0.0
0.0
1.4148363925050944
0.0
1.3272874665562995
0.0
0.0
1.4448577533476055
0.0
0.0
0.0
0.48585312811337644
0.0
0.0
0.0
0.5965512414804834
1.4147086038428824
0.0
0.0
0.0
0.0
0.0
0.4196989584925177
0.0
0.0
0.0
0.7264250053121941
0.0
0.0
0.0
0.0
0.0
0.0
0.0
1.4266079621156678
0.0
1.3453380701248534
0.0
0.0
1.4501687567681074
0.0
0.0
0.0
0.4932694253875525
0.0
0.0
0.0
0.6065716479824914
0.11304529136396013
0.11233546306903008
0.0
0.0
0.0
0.0
0.022883483183250064
0.0
0.0
0.0
0.7241578625835245
0.0
0.0
0.5896153342619073
0.0
0.0
0.0
0.0
1.426791722420603
0.0
1.324490207945928
0.0
0.0
0.10993716539815068
0.0
0.0
0.0
0.49867825312685454
0.0
0.0
0.0
0.5934806884688442
1.4120419124374166
0.0483579637366347
0.0
0.0
0.0
0.0
0.4207782974044676
0.0
0.0
0.0
0.7269301641208585
0.0
0.0
0.5824265918563469
0.0
0.0
0.0
0.0
1.4148363925050944
0.0
1.3272874665562995
0.0
0.0
1.4448577533476055
0.0
0.0
0.0
0.48585312811337644
0.0
0.0
0.0
0.5965512414804834
1.4147086038428824
0.0
0.0
0.0
0.0
0.0
0.4196989584925177
0.0
0.0
0.0
0.7264250053121941
0.0
0.0
0.5824265918563469
0.0
0.0
0.0
0.0
1.4148363925050944
0.0
1.3272874665562995
0.0
0.0
1.4448577533476055
0.0
0.0
0.0
0.48585312811337644
0.0
0.0
0.0
0.5965512414804834
1.4147086038428824
0.0
0.0
0.0
0.0
0.0
0.4196989584925177
0.0
0.0
0.0
0.7264250053121941
0.0
0.0
0.5824265918563469
0.0
0.0
0.0
0.0
1.4148363925050944
0.0
1.3272874665562995
0.0
0.0
1.4448577533476055
0.0
0.0
0.0
0.48585312811337644
0.0
0.0
0.0
0.5965512414804834
1.4147086038428824
0.0
0.0
0.0
0.0
0.0
0.4196989584925177
0.0
0.0
0.0
0.7264250053121941
0.0
0.0
0.5824265918563469
0.0
0.0
0.0
0.0
1.4148363925050944
0.0
1.3272874665562995
0.0
0.0
1.4448577533476055
0.0
0.0
0.0
0.48585312811337644
0.0
0.0
0.0
0.5965512414804834
1.4147086038428824
0.0
0.0
0.0
0.0
0.0
0.4196989584925177
0.0
0.0
0.0
0.7264250053121941
0.0
0.0
0.5824265918563469
0.0
0.0
0.0
0.0
1.4148363925050944
0.0
1.3272874665562995
0.0
0.0
1.4448577533476055
0.0
0.0
0.0
0.48585312811337644
0.0
0.0
0.0
0.5965512414804834
1.4147086038428824
0.0
0.0
0.0
0.0
0.0
0.4196989584925177
0.0
0.0
0.0
0.7264250053121941
0.0
0.0
0.5824265918563469
0.0
0.0
0.0
0.0
1.4148363925050944
0.0
1.3272874665562995
0.0
0.0
1.4448577533476055
0.0
0.0
0.0
0.48585312811337644
0.0
0.0
0.0
0.5965512414804834
1.4147086038428824
0.0
0.0
0.0
0.0
0.0
0.4196989584925177
0.0
0.0
0.0
0.7264250053121941
0.0
0.0
0.5824265918563469
0.0
0.0
0.0
0.0
1.4148363925050944
0.0
1.3272874665562995
0.0
0.0
1.4448577533476055
0.0
0.0
0.0
0.48585312811337644
0.0
0.0
0.0
0.5965512414804834
1.4147086038428824
0.0
0.0
0.0
0.0
0.0
0.4196989584925177
0.0
0.0
0.0
0.7264250053121941
0.0
0.0
0.5824265918563469
0.0
0.0
0.0
0.0
1.4148363925050944
0.0
1.3272874665562995
0.0
0.0
1.4448577533476055
0.0
0.0
0.0
0.48585312811337644
0.0
0.0
0.0
0.5965512414804834
1.4147086038428824
0.0
0.0
0.0
0.0
0.0
0.4196989584925177
0.0
0.0
0.0
0.7264250053121941
0.0
0.0
0.5824265918563469
0.0
0.0
0.0
0.0
1.4148363925050944
0.0
1.3272874665562995
0.0
0.0
1.4448577533476055
0.0
0.0
0.0
0.48585312811337644
0.0
0.0
0.0
0.5965512414804834
1.4147086038428824
0.0
0.0
0.0
0.0
0.0
0.4196989584925177
0.0
0.0
0.0
0.7264250053121941
0.0
0.0
0.5824265918563469
0.0
0.0
0.0
0.0
1.4148363925050944
0.0
1.3272874665562995
0.0
0.0
1.4448577533476055
0.0
0.0
0.0
0.48585312811337644
0.0
0.0
0.0
0.5965512414804834
1.4147086038428824
0.0
0.0
0.0
0.0
0.0
0.4196989584925177
0.0
0.0
0.0
0.7264250053121941
0.0
0.0
0.5824265918563469
0.0
0.0
0.0
0.0
1.4148363925050944
0.0
1.3272874665562995
0.0
0.0
1.4448577533476055
0.0
0.0
0.0
0.48585312811337644
0.0
0.0
0.0
0.5965512414804834
1.4147086038428824
0.0
0.0
0.0
0.0
0.0
0.4196989584925177
0.0
0.0
0.0
0.7264250053121941
0.0
0.0
0.5824265918563469
0.0
0.0
0.0
0.0
1.4148363925050944
0.0
1.3272874665562995
0.0
0.0
1.4448577533476055
0.0
0.0
0.0
0.48585312811337644
0.0
0.0
0.0
0.5965512414804834
1.4147086038428824
0.0
0.0
0.0
0.0
0.0
0.4196989584925177
0.0
0.0
0.0
0.7264250053121941
0.0
0.0
0.0
0.0
0.0
0.0
0.0
1.4266079621156678
0.0
1.3453380701248534
0.0
0.0
1.4501687567681074
0.0
0.0
0.0
0.4932694253875525
0.0
0.0
0.0
0.6065716479824914
0.11304529136396013
0.11233546306903008
0.0
0.0
0.0
0.0
0.022883483183250064
0.0
0.0
0.0
0.7241578625835245
0.0
0.0
0.5896153342619073
0.0
0.0
0.0
0.0
1.426791722420603
0.0
1.324490207945928
0.0
0.0
0.10993716539815068
0.0
0.0
0.0
0.49867825312685454
0.0
0.0
0.0
0.5934806884688442
1.4120419124374166
0.0483579637366347
0.0
0.0
0.0
0.0
0.4207782974044676
0.0
0.0
0.0
0.7269301641208585
0.0
0.0
0.5824265918563469
0.0
0.0
0.0
0.0
1.4148363925050944
0.0
1.3272874665562995
0.0
0.0
1.4448577533476055
0.0
0.0
0.0
0.48585312811337644
0.0
0.0
0.0
0.5965512414804834
1.4147086038428824
0.0
0.0
0.0
0.0
0.0
0.4196989584925177
0.0
0.0
0.0
0.7264250053121941
0.0
0.0
0.5824265918563469
0.0
0.0
0.0
0.0
1.4148363925050944
0.0
1.3272874665562995
0.0
0.0
1.4448577533476055
0.0
0.0
0.0
0.48585312811337644
0.0
0.0
0.0
0.5965512414804834
1.4147086038428824
0.0
0.0
0.0
0.0
0.0
0.4196989584925177
0.0
0.0
0.0
0.7264250053121941
0.0
0.0
0.5824265918563469
0.0
0.0
0.0
0.0
1.4148363925050944
0.0
1.3272874665562995
0.0
0.0
1.4448577533476055
0.0
0.0
0.0
0.48585312811337644
0.0
0.0
0.0
0.5965512414804834
1.4147086038428824
0.0
0.0
0.0
0.0
0.0
0.4196989584925177
0.0
0.0
0.0
0.7264250053121941
0.0
0.0
0.5824265918563469
0.0
0.0
0.0
0.0
1.4148363925050944
0.0
1.3272874665562995
0.0
0.0
1.4448577533476055
0.0
0.0
0.0
0.48585312811337644
0.0
0.0
0.0
0.5965512414804834
1.4147086038428824
0.0
0.0
0.0
0.0
0.0
0.4196989584925177
0.0
0.0
0.0
0.7264250053121941
0.0
0.0
0.5824265918563469
0.0
0.0
0.0
0.0
1.4148363925050944
0.0
1.3272874665562995
0.0
0.0
1.4448577533476055
0.0
0.0
0.0
0.48585312811337644
0.0
0.0
0.0
0.5965512414804834
1.4147086038428824
0.0
0.0
0.0
0.0
0.0
0.4196989584925177
0.0
0.0
0.0
0.7264250053121941
0.0
0.0
0.5824265918563469
0.0
0.0
0.0
0.0
1.4148363925050944
0.0
1.3272874665562995
0.0
0.0
1.4448577533476055
0.0
0.0
0.0
0.48585312811337644
0.0
0.0
0.0
0.5965512414804834
1.4147086038428824
0.0
0.0
0.0
0.0
0.0
0.4196989584925177
0.0
0.0
0.0
0.7264250053121941
0.0
0.0
0.5824265918563469
0.0
0.0
0.0
0.0
1.4148363925050944
0.0
1.3272874665562995
0.0
0.0
1.4448577533476055
0.0
0.0
0.0
0.48585312811337644
0.0
0.0
0.0
0.5965512414804834
1.4147086038428824
0.0
0.0
0.0
0.0
0.0
0.4196989584925177
0.0
0.0
0.0
0.7264250053121941
0.0
0.0
0.5824265918563469
0.0
0.0
0.0
0.0
1.4148363925050944
0.0
1.3272874665562995
0.0
0.0
1.4448577533476055
0.0
0.0
0.0
0.48585312811337644
0.0
0.0
0.0
0.5965512414804834
1.4147086038428824
0.0
0.0
0.0
0.0
0.0
0.4196989584925177
0.0
0.0
0.0
0.7264250053121941
0.0
0.0
0.5824265918563469
0.0
0.0
0.0
0.0
1.4148363925050944
0.0
1.3272874665562995
0.0
0.0
1.4448577533476055
0.0
0.0
0.0
0.48585312811337644
0.0
0.0
0.0
0.5965512414804834
1.4147086038428824
0.0
0.0
0.0
0.0
0.0
0.4196989584925177
0.0
0.0
0.0
0.7264250053121941
0.0
0.0
0.5824265918563469
0.0
0.0
0.0
0.0
1.4148363925050944
0.0
1.3272874665562995
0.0
0.0
1.4448577533476055
0.0
0.0
0.0
0.48585312811337644
0.0
0.0
0.0
0.5965512414804834
1.4147086038428824
0.0
0.0
0.0
0.0
0.0
0.4196989584925177
0.0
0.0
0.0
0.7264250053121941
0.0
0.0
0.5824265918563469
0.0
0.0
0.0
0.0
1.4148363925050944
0.0
1.3272874665562995
0.0
0.0
1.4448577533476055
0.0
0.0
0.0
0.48585312811337644
0.0
0.0
0.0
0.5965512414804834
1.4147086038428824
0.0
0.0
0.0
0.0
0.0
0.4196989584925177
0.0
0.0
0.0
0.7264250053121941
0.0
0.0
0.5824265918563469
0.0
0.0
0.0
0.0
1.4148363925050944
0.0
1.3272874665562995
0.0
0.0
1.4448577533476055
0.0
0.0
0.0
0.48585312811337644
0.0
0.0
0.0
0.5965512414804834
1.4147086038428824
0.0
0.0
0.0
0.0
0.0
0.4196989584925177
0.0
0.0
0.0
0.7264250053121941
0.0
0.0
0.0
0.0
0.0
0.0
0.0
1.4266079621156678
0.0
1.3453380701248534
0.0
0.0
1.4501687567681074
0.0
0.0
0.0
0.4932694253875525
0.0
0.0
0.0
0.6065716479824914
0.11304529136396013
0.11233546306903008
0.0
0.0
0.0
0.0
0.022883483183250064
0.0
0.0
0.0
0.7241578625835245
0.0
0.0
0.5896153342619073
0.0
0.0
0.0
0.0
1.426791722420603
0.0
1.324490207945928
0.0
0.0
0.10993716539815068
0.0
0.0
0.0
0.49867825312685454
0.0
0.0
0.0
0.5934806884688442
1.4120419124374166
0.0483579637366347
0.0
0.0
0.0
0.0
0.4207782974044676
0.0
0.0
0.0
0.7269301641208585
0.0
0.0
0.5824265918563469
0.0
0.0
0.0
0.0
1.4148363925050944
0.0
1.3272874665562995
0.0
0.0
1.4448577533476055
0.0
0.0
0.0
0.48585312811337644
0.0
0.0
0.0
0.5965512414804834
1.4147086038428824
0.0
0.0
0.0
0.0
0.0
0.4196989584925177
0.0
0.0
0.0
0.7264250053121941
0.0
0.0
0.5824265918563469
0.0
0.0
0.0
0.0
1.4148363925050944
0.0
1.3272874665562995
0.0
0.0
1.4448577533476055
0.0
0.0
0.0
0.48585312811337644
0.0
0.0
0.0
0.5965512414804834
1.4147086038428824
0.0
0.0
0.0
0.0
0.0
0.4196989584925177
0.0
0.0
0.0
0.7264250053121941
0.0
0.0
0.5824265918563469
0.0
0.0
0.0
0.0
1.4148363925050944
0.0
1.3272874665562995
0.0
0.0
1.4448577533476055
0.0
0.0
0.0
0.48585312811337644
0.0
0.0
0.0
0.5965512414804834
1.4147086038428824
0.0
0.0
0.0
0.0
0.0
0.4196989584925177
0.0
0.0
0.0
0.7264250053121941
0.0
0.0
0.5824265918563469
0.0
0.0
0.0
0.0
1.4148363925050944
0.0
1.3272874665562995
0.0
0.0
1.4448577533476055
0.0
0.0
0.0
0.48585312811337644
0.0
0.0
0.0
0.5965512414804834
1.4147086038428824
0.0
0.0
0.0
0.0
0.0
0.4196989584925177
0.0
0.0
0.0
0.7264250053121941
0.0
0.0
0.5824265918563469
0.0
0.0
0.0
0.0
1.4148363925050944
0.0
1.3272874665562995
0.0
0.0
1.4448577533476055
0.0
0.0
0.0
0.48585312811337644
0.0
0.0
0.0
0.5965512414804834
1.4147086038428824
0.0
0.0
0.0
0.0
0.0
0.4196989584925177
0.0
0.0
0.0
0.7264250053121941
0.0
0.0
0.5824265918563469
0.0
0.0
0.0
0.0
1.4148363925050944
0.0
1.3272874665562995
0.0
0.0
1.4448577533476055
0.0
0.0
0.0
0.48585312811337644
0.0
0.0
0.0
0.5965512414804834
1.4147086038428824
0.0
0.0
0.0
0.0
0.0
0.4196989584925177
0.0
0.0
0.0
0.7264250053121941
0.0
0.0
0.5824265918563469
0.0
0.0
0.0
0.0
1.4148363925050944
0.0
1.3272874665562995
0.0
0.0
1.4448577533476055
0.0
0.0
0.0
0.48585312811337644
0.0
0.0
0.0
0.5965512414804834
1.4147086038428824
0.0
0.0
0.0
0.0
0.0
0.4196989584925177
0.0
0.0
0.0
0.7264250053121941
0.0
0.0
0.5824265918563469
0.0
0.0
0.0
0.0
1.4148363925050944
0.0
1.3272874665562995
0.0
0.0
1.4448577533476055
0.0
0.0
0.0
0.48585312811337644
0.0
0.0
0.0
0.5965512414804834
1.4147086038428824
0.0
0.0
0.0
0.0
0.0
0.4196989584925177
0.0
0.0
0.0
0.7264250053121941
0.0
0.0
0.5824265918563469
0.0
0.0
0.0
0.0
1.4148363925050944
0.0
1.3272874665562995
0.0
0.0
1.4448577533476055
0.0
0.0
0.0
0.48585312811337644
0.0
0.0
0.0
0.5965512414804834
1.4147086038428824
0.0
0.0
0.0
0.0
0.0
0.4196989584925177
0.0
0.0
0.0
0.7264250053121941
0.0
0.0
0.5824265918563469
0.0
0.0
0.0
0.0
1.4148363925050944
0.0
1.3272874665562995
0.0
0.0
1.4448577533476055
0.0
0.0
0.0
0.48585312811337644
0.0
0.0
0.0
0.5965512414804834
1.4147086038428824
0.0
0.0
0.0
0.0
0.0
0.4196989584925177
0.0
0.0
0.0
0.7264250053121941
0.0
0.0
0.5824265918563469
0.0
0.0
0.0
0.0
1.4148363925050944
0.0
1.3272874665562995
0.0
0.0
1.4448577533476055
0.0
0.0
0.0
0.48585312811337644
0.0
0.0
0.0
0.5965512414804834
1.4147086038428824
0.0
0.0
0.0
0.0
0.0
0.4196989584925177
0.0
0.0
0.0
0.7264250053121941
0.0
0.0
0.5824265918563469
0.0
0.0
0.0
0.0
1.4148363925050944
0.0
1.3272874665562995
0.0
0.0
1.4448577533476055
0.0
0.0
0.0
0.48585312811337644
0.0
0.0
0.0
0.5965512414804834
1.4147086038428824
0.0
0.0
0.0
0.0
0.0
0.4196989584925177
0.0
0.0
0.0
0.7264250053121941
0.0
0.0
0.0
0.0
0.0
0.0
0.0
1.4266079621156678
0.0
1.3453380701248534
0.0
0.0
1.4501687567681074
0.0
0.0
0.0
0.4932694253875525
0.0
0.0
0.0
0.6065716479824914
0.11304529136396013
0.11233546306903008
0.0
0.0
0.0
0.0
0.022883483183250064
0.0
0.0
0.0
0.7241578625835245
0.0
0.0
0.5896153342619073
0.0
0.0
0.0
0.0
1.426791722420603
0.0
1.324490207945928
0.0
0.0
0.10993716539815068
0.0
0.0
0.0
0.49867825312685454
0.0
0.0
0.0
0.5934806884688442
1.4120419124374166
0.0483579637366347
0.0
0.0
0.0
0.0
0.4207782974044676
0.0
0.0
0.0
0.7269301641208585
0.0
0.0
0.5824265918563469
0.0
0.0
0.0
0.0
1.4148363925050944
0.0
1.3272874665562995
0.0
0.0
1.4448577533476055
0.0
0.0
0.0
0.48585312811337644
0.0
0.0
0.0
0.5965512414804834
1.4147086038428824
0.0
0.0
0.0
0.0
0.0
0.4196989584925177
0.0
0.0
0.0
0.7264250053121941
0.0
0.0
0.5824265918563469
0.0
0.0
0.0
0.0
1.4148363925050944
0.0
1.3272874665562995
0.0
0.0
1.4448577533476055
0.0
0.0
0.0
0.48585312811337644
0.0
0.0
0.0
0.5965512414804834
1.4147086038428824
0.0
0.0
0.0
0.0
0.0
0.4196989584925177
0.0
0.0
0.0
0.7264250053121941
0.0
0.0
0.5824265918563469
0.0
0.0
0.0
0.0
1.4148363925050944
0.0
1.3272874665562995
0.0
0.0
1.4448577533476055
0.0
0.0
0.0
0.48585312811337644
0.0
0.0
0.0
0.5965512414804834
1.4147086038428824
0.0
0.0
0.0
0.0
0.0
0.4196989584925177
0.0
0.0
0.0
0.7264250053121941
0.0
0.0
0.5824265918563469
0.0
0.0
0.0
0.0
1.4148363925050944
0.0
1.3272874665562995
0.0
0.0
1.4448577533476055
0.0
0.0
0.0
0.48585312811337644
0.0
0.0
0.0
0.5965512414804834
1.4147086038428824
0.0
0.0
0.0
0.0
0.0
0.4196989584925177
0.0
0.0
0.0
0.7264250053121941
0.0
0.0
0.5824265918563469
0.0
0.0
0.0
0.0
1.4148363925050944
0.0
1.3272874665562995
0.0
0.0
1.4448577533476055
0.0
0.0
0.0
0.48585312811337644
0.0
0.0
0.0
0.5965512414804834
1.4147086038428824
0.0
0.0
0.0
0.0
0.0
0.4196989584925177
0.0
0.0
0.0
0.7264250053121941
0.0
0.0
0.5824265918563469
0.0
0.0
0.0
0.0
1.4148363925050944
0.0
1.3272874665562995
0.0
0.0
1.4448577533476055
0.0
0.0
0.0
0.48585312811337644
0.0
0.0
0.0
0.5965512414804834
1.4147086038428824
0.0
0.0
0.0
0.0
0.0
0.4196989584925177
0.0
0.0
0.0
0.7264250053121941
0.0
0.0
0.5824265918563469
0.0
0.0
0.0
0.0
1.4148363925050944
0.0
1.3272874665562995
0.0
0.0
1.4448577533476055
0.0
0.0
0.0
0.48585312811337644
0.0
0.0
0.0
0.5965512414804834
1.4147086038428824
0.0
0.0
0.0
0.0
0.0
0.4196989584925177
0.0
0.0
0.0
0.7264250053121941
0.0
0.0
0.5824265918563469
0.0
0.0
0.0
0.0
1.4148363925050944
0.0
1.3272874665562995
0.0
0.0
1.4448577533476055
0.0
0.0
0.0
0.48585312811337644
0.0
0.0
0.0
0.5965512414804834
1.4147086038428824
0.0
0.0
0.0
0.0
0.0
0.4196989584925177
0.0
0.0
0.0
0.7264250053121941
0.0
0.0
0.5824265918563469
0.0
0.0
0.0
0.0
1.4148363925050944
0.0
1.3272874665562995
0.0
0.0
1.4448577533476055
0.0
0.0
0.0
0.48585312811337644
0.0
0.0
0.0
0.5965512414804834
1.4147086038428824
0.0
0.0
0.0
0.0
0.0
0.4196989584925177
0.0
0.0
0.0
0.7264250053121941
0.0
0.0
0.5824265918563469
0.0
0.0
0.0
0.0
1.4148363925050944
0.0
1.3272874665562995
0.0
0.0
1.4448577533476055
0.0
0.0
0.0
0.48585312811337644
0.0
0.0
0.0
0.5965512414804834
1.4147086038428824
0.0
0.0
0.0
0.0
0.0
0.4196989584925177
0.0
0.0
0.0
0.7264250053121941
0.0
0.0
0.5824265918563469
0.0
0.0
0.0
0.0
1.4148363925050944
0.0
1.3272874665562995
0.0
0.0
1.4448577533476055
0.0
0.0
0.0
0.48585312811337644
0.0
0.0
0.0
0.5965512414804834
1.4147086038428824
0.0
0.0
0.0
0.0
0.0
0.4196989584925177
0.0
0.0
0.0
0.7264250053121941
0.0
0.0
0.5824265918563469
0.0
0.0
0.0
0.0
1.4148363925050944
0.0
1.3272874665562995
0.0
0.0
1.4448577533476055
0.0
0.0
0.0
0.48585312811337644
0.0
0.0
0.0
0.5965512414804834
1.4147086038428824
0.0
0.0
0.0
0.0
0.0
0.4196989584925177
0.0
0.0
0.0
0.7264250053121941
0.0
0.0
0.0
0.0
0.0
0.0
0.0
1.4266079621156678
0.0
1.3453380701248534
0.0
0.0
1.4501687567681074
0.0
0.0
0.0
0.4932694253875525
0.0
0.0
0.0
0.6065716479824914
0.11304529136396013
0.11233546306903008
0.0
0.0
0.0
0.0
0.022883483183250064
0.0
0.0
0.0
0.7241578625835245
0.0
0.0
0.5896153342619073
0.0
0.0
0.0
0.0
1.426791722420603
0.0
1.324490207945928
0.0
0.0
0.10993716539815068
0.0
0.0
0.0
0.49867825312685454
0.0
0.0
0.0
0.5934806884688442
1.4120419124374166
0.0483579637366347
0.0
0.0
0.0
0.0
0.4207782974044676
0.0
0.0
0.0
0.7269301641208585
0.0
0.0
0.5824265918563469
0.0
0.0
0.0
0.0
1.4148363925050944
0.0
1.3272874665562995
0.0
0.0
1.4448577533476055
0.0
0.0
0.0
0.48585312811337644
0.0
0.0
0.0
0.5965512414804834
1.4147086038428824
0.0
0.0
0.0
0.0
0.0
0.4196989584925177
0.0
0.0
0.0
0.7264250053121941
0.0
0.0
0.5824265918563469
0.0
0.0
0.0
0.0
1.4148363925050944
0.0
1.3272874665562995
0.0
0.0
1.4448577533476055
0.0
0.0
0.0
0.48585312811337644
0.0
0.0
0.0
0.5965512414804834
1.4147086038428824
0.0
0.0
0.0
0.0
0.0
0.4196989584925177
0.0
0.0
0.0
0.7264250053121941
0.0
0.0
0.5824265918563469
0.0
0.0
0.0
0.0
1.4148363925050944
0.0
1.3272874665562995
0.0
0.0
1.4448577533476055
0.0
0.0
0.0
0.48585312811337644
0.0
0.0
0.0
0.5965512414804834
1.4147086038428824
0.0
0.0
0.0
0.0
0.0
0.4196989584925177
0.0
0.0
0.0
0.7264250053121941
0.0
0.0
0.5824265918563469
0.0
0.0
0.0
0.0
1.4148363925050944
0.0
1.3272874665562995
0.0
0.0
1.4448577533476055
0.0
0.0
0.0
0.48585312811337644
0.0
0.0
0.0
0.5965512414804834
1.4147086038428824
0.0
0.0
0.0
0.0
0.0
0.4196989584925177
0.0
0.0
0.0
0.7264250053121941
0.0
0.0
0.5824265918563469
0.0
0.0
0.0
0.0
1.4148363925050944
0.0
1.3272874665562995
0.0
0.0
1.4448577533476055
0.0
0.0
0.0
0.48585312811337644
0.0
0.0
0.0
0.5965512414804834
1.4147086038428824
0.0
0.0
0.0
0.0
0.0
0.4196989584925177
0.0
0.0
0.0
0.7264250053121941
0.0
0.0
0.5824265918563469
0.0
0.0
0.0
0.0
1.4148363925050944
0.0
1.3272874665562995
0.0
0.0
1.4448577533476055
0.0
0.0
0.0
0.48585312811337644
0.0
0.0
0.0
0.5965512414804834
1.4147086038428824
0.0
0.0
0.0
0.0
0.0
0.4196989584925177
0.0
0.0
0.0
0.7264250053121941
0.0
0.0
0.5824265918563469
0.0
0.0
0.0
0.0
1.4148363925050944
0.0
1.3272874665562995
0.0
0.0
1.4448577533476055
0.0
0.0
0.0
0.48585312811337644
0.0
0.0
0.0
0.5965512414804834
1.4147086038428824
0.0
0.0
0.0
0.0
0.0
0.4196989584925177
0.0
0.0
0.0
0.7264250053121941
0.0
0.0
0.5824265918563469
0.0
0.0
0.0
0.0
1.4148363925050944
0.0
1.3272874665562995
0.0
0.0
1.4448577533476055
0.0
0.0
0.0
0.48585312811337644
0.0
0.0
0.0
0.5965512414804834
1.4147086038428824
0.0
0.0
0.0
0.0
0.0
0.4196989584925177
0.0
0.0
0.0
0.7264250053121941
0.0
0.0
0.5824265918563469
0.0
0.0
0.0
0.0
1.4148363925050944
0.0
1.3272874665562995
0.0
0.0
1.4448577533476055
0.0
0.0
0.0
0.48585312811337644
0.0
0.0
0.0
0.5965512414804834
1.4147086038428824
0.0
0.0
0.0
0.0
0.0
0.4196989584925177
0.0
0.0
0.0
0.7264250053121941
0.0
0.0
0.5824265918563469
0.0
0.0
0.0
0.0
1.4148363925050944
0.0
1.3272874665562995
0.0
0.0
1.4448577533476055
0.0
0.0
0.0
0.48585312811337644
0.0
0.0
0.0
0.5965512414804834
1.4147086038428824
0.0
0.0
0.0
0.0
0.0
0.4196989584925177
0.0
0.0
0.0
0.7264250053121941
0.0
0.0
0.5824265918563469
0.0
0.0
0.0
0.0
1.4148363925050944
0.0
1.3272874665562995
0.0
0.0
1.4448577533476055
0.0
0.0
0.0
0.48585312811337644
0.0
0.0
0.0
0.5965512414804834
1.4147086038428824
0.0
0.0
0.0
0.0
0.0
0.4196989584925177
0.0
0.0
0.0
0.7264250053121941
0.0
0.0
0.5824265918563469
0.0
0.0
0.0
0.0
1.4148363925050944
0.0
1.3272874665562995
0.0
0.0
1.4448577533476055
0.0
0.0
0.0
0.48585312811337644
0.0
0.0
0.0
0.5965512414804834
1.4147086038428824
0.0
0.0
0.0
0.0
0.0
0.4196989584925177
0.0
0.0
0.0
0.7264250053121941
0.0
0.0
0.0
0.0
0.0
0.0
0.0
1.4266079621156678
0.0
1.3453380701248534
0.0
0.0
1.4501687567681074
0.0
0.0
0.0
0.4932694253875525
0.0
0.0
0.0
0.6065716479824914
0.11304529136396013
0.11233546306903008
0.0
0.0
0.0
0.0
0.022883483183250064
0.0
0.0
0.0
0.7241578625835245
0.0
0.0
0.5896153342619073
0.0
0.0
0.0
0.0
1.426791722420603
0.0
1.324490207945928
0.0
0.0
0.10993716539815068
0.0
0.0
0.0
0.49867825312685454
0.0
0.0
0.0
0.5934806884688442
1.4120419124374166
0.0483579637366347
0.0
0.0
0.0
0.0
0.4207782974044676
0.0
0.0
0.0
0.7269301641208585
0.0
0.0
0.5824265918563469
0.0
0.0
0.0
0.0
1.4148363925050944
0.0
1.3272874665562995
0.0
0.0
1.4448577533476055
0.0
0.0
0.0
0.48585312811337644
0.0
0.0
0.0
0.5965512414804834
1.4147086038428824
0.0
0.0
0.0
0.0
0.0
0.4196989584925177
0.0
0.0
0.0
0.7264250053121941
0.0
0.0
0.5824265918563469
0.0
0.0
0.0
0.0
1.4148363925050944
0.0
1.3272874665562995
0.0
0.0
1.4448577533476055
0.0
0.0
0.0
0.48585312811337644
0.0
0.0
0.0
0.5965512414804834
1.4147086038428824
0.0
0.0
0.0
0.0
0.0
0.4196989584925177
0.0
0.0
0.0
0.7264250053121941
0.0
0.0
0.5824265918563469
0.0
0.0
0.0
0.0
1.4148363925050944
0.0
1.3272874665562995
0.0
0.0
1.4448577533476055
0.0
0.0
0.0
0.48585312811337644
0.0
0.0
0.0
0.5965512414804834
1.4147086038428824
0.0
0.0
0.0
0.0
0.0
0.4196989584925177
0.0
0.0
0.0
0.7264250053121941
0.0
0.0
0.5824265918563469
0.0
0.0
0.0
0.0
1.4148363925050944
0.0
1.3272874665562995
0.0
0.0
1.4448577533476055
0.0
0.0
0.0
0.48585312811337644
0.0
0.0
0.0
0.5965512414804834
1.4147086038428824
0.0
0.0
0.0
0.0
0.0
0.4196989584925177
0.0
0.0
0.0
0.7264250053121941
0.0
0.0
0.5824265918563469
0.0
0.0
0.0
0.0
1.4148363925050944
0.0
1.3272874665562995
0.0
0.0
1.4448577533476055
0.0
0.0
0.0
0.48585312811337644
0.0
0.0
0.0
0.5965512414804834
1.4147086038428824
0.0
0.0
0.0
0.0
0.0
0.4196989584925177
0.0
0.0
0.0
0.7264250053121941
0.0
0.0
0.5824265918563469
0.0
0.0
0.0
0.0
1.4148363925050944
0.0
1.3272874665562995
0.0
0.0
1.4448577533476055
0.0
0.0
0.0
0.48585312811337644
0.0
0.0
0.0
0.5965512414804834
1.4147086038428824
0.0
0.0
0.0
0.0
0.0
0.4196989584925177
0.0
0.0
0.0
0.7264250053121941
0.0
0.0
0.5824265918563469
0.0
0.0
0.0
0.0
1.4148363925050944
0.0
1.3272874665562995
0.0
0.0
1.4448577533476055
0.0
0.0
0.0
0.48585312811337644
0.0
0.0
0.0
0.5965512414804834
1.4147086038428824
0.0
0.0
0.0
0.0
0.0
0.4196989584925177
0.0
0.0
0.0
0.7264250053121941
0.0
0.0
0.5824265918563469
0.0
0.0
0.0
0.0
1.4148363925050944
0.0
1.3272874665562995
0.0
0.0
1.4448577533476055
0.0
0.0
0.0
0.48585312811337644
0.0
0.0
0.0
0.5965512414804834
1.4147086038428824
0.0
0.0
0.0
0.0
0.0
0.4196989584925177
0.0
0.0
0.0
0.7264250053121941
0.0
0.0
0.5824265918563469
0.0
0.0
0.0
0.0
1.4148363925050944
0.0
1.3272874665562995
0.0
0.0
1.4448577533476055
0.0
0.0
0.0
0.48585312811337644
0.0
0.0
0.0
0.5965512414804834
1.4147086038428824
0.0
0.0
0.0
0.0
0.0
0.4196989584925177
0.0
0.0
0.0
0.7264250053121941
0.0
0.0
0.5824265918563469
0.0
0.0
0.0
0.0
1.4148363925050944
0.0
1.3272874665562995
0.0
0.0
1.4448577533476055
0.0
0.0
0.0
0.48585312811337644
0.0
0.0
0.0
0.5965512414804834
1.4147086038428824
0.0
0.0
0.0
0.0
0.0
0.4196989584925177
0.0
0.0
0.0
0.7264250053121941
0.0
0.0
0.5824265918563469
0.0
0.0
0.0
0.0
1.4148363925050944
0.0
1.3272874665562995
0.0
0.0
1.4448577533476055
0.0
0.0
0.0
0.48585312811337644
0.0
0.0
0.0
0.5965512414804834
1.4147086038428824
0.0
0.0
0.0
0.0
0.0
0.4196989584925177
0.0
0.0
0.0
0.7264250053121941
0.0
0.0
0.5824265918563469
0.0
0.0
0.0
0.0
1.4148363925050944
0.0
1.3272874665562995
0.0
0.0
1.4448577533476055
0.0
0.0
0.0
0.48585312811337644
0.0
0.0
0.0
0.5965512414804834
1.4147086038428824
0.0
0.0
0.0
0.0
0.0
0.4196989584925177
0.0
0.0
0.0
0.7264250053121941
0.0
0.0
0.0
0.0
0.0
0.0
0.0
1.4266079621156678
0.0
1.3453380701248534
0.0
0.0
1.4501687567681074
0.0
0.0
0.0
0.4932694253875525
0.0
0.0
0.0
0.6065716479824914
0.11304529136396013
0.11233546306903008
0.0
0.0
0.0
0.0
0.022883483183250064
0.0
0.0
0.0
0.7241578625835245
0.0
0.0
0.6347015176870627
0.0
0.0
0.0
0.0
1.4291149189230055
0.0
1.346703763352707
0.0
0.0
0.12160820607095957
0.0
0.0
0.0
0.5038992994232103
0.0
0.0
0.0
0.5990480270193075
1.4152542022056878
0.0
0.0
0.0
0.0
0.0
0.42186837124609156
0.0
0.0
0.0648348550312221
0.06361032612039708
0.0
0.0
0.630347778009309
0.0
0.0
0.0
0.0
1.4190280586481094
0.0
1.3541334395413287
0.0
0.0
1.461307952646166
0.0
0.0
0.0
0.4927731336792931
0.0
0.0
0.0
0.602162851668254
1.4177155102661345
0.0
0.0
0.0
0.0
0.0
0.4220604162874224
0.0
0.0
0.08262357406783849
0.06252078591205645
0.0
0.0
0.630347778009309
0.0
0.0
0.0
0.0
1.4190280586481094
0.0
1.3541334395413287
0.0
0.0
1.461307952646166
0.0
0.0
0.0
0.4927731336792931
0.0
0.0
0.0
0.602162851668254
1.4177155102661345
0.0
0.0
0.0
0.0
0.0
0.4220604162874224
0.0
0.0
0.08262357406783849
0.06252078591205645
0.0
0.0
0.630347778009309
0.0
0.0
0.0
0.0
1.4190280586481094
0.0
1.3541334395413287
0.0
0.0
1.461307952646166
0.0
0.0
0.0
0.4927731336792931
0.0
0.0
0.0
0.602162851668254
1.4177155102661345
0.0
0.0
0.0
0.0
0.0
0.4220604162874224
0.0
0.0
0.08262357406783849
0.06252078591205645
0.0
0.0
0.630347778009309
0.0
0.0
0.0
0.0
1.4190280586481094
0.0
1.3541334395413287
0.0
0.0
1.461307952646166
0.0
0.0
0.0
0.4927731336792931
0.0
0.0
0.0
0.602162851668254
1.4177155102661345
0.0
0.0
0.0
0.0
0.0
0.4220604162874224
0.0
0.0
0.08262357406783849
0.06252078591205645
0.0
0.0
0.630347778009309
0.0
0.0
0.0
0.0
1.4190280586481094
0.0
1.3541334395413287
0.0
0.0
1.461307952646166
0.0
0.0
0.0
0.4927731336792931
0.0
0.0
0.0
0.602162851668254
1.4177155102661345
0.0
0.0
0.0
0.0
0.0
0.4220604162874224
0.0
0.0
0.08262357406783849
0.06252078591205645
0.0
0.0
0.630347778009309
0.0
0.0
0.0
0.0
1.4190280586481094
0.0
1.3541334395413287
0.0
0.0
1.461307952646166
0.0
0.0
0.0
0.4927731336792931
0.0
0.0
0.0
0.602162851668254
1.4177155102661345
0.0
0.0
0.0
0.0
0.0
0.4220604162874224
0.0
0.0
0.08262357406783849
0.06252078591205645
0.0
0.0
0.630347778009309
0.0
0.0
0.0
0.0
1.4190280586481094
0.0
1.3541334395413287
0.0
0.0
1.461307952646166
0.0
0.0
0.0
0.4927731336792931
0.0
0.0
0.0
0.602162851668254
1.4177155102661345
0.0
0.0
0.0
0.0
0.0
0.4220604162874224
0.0
0.0
0.08262357406783849
0.06252078591205645
0.0
0.0
0.630347778009309
0.0
0.0
0.0
0.0
1.4190280586481094
0.0
1.3541334395413287
0.0
0.0
1.461307952646166
0.0
0.0
0.0
0.4927731336792931
0.0
0.0
0.0
0.602162851668254
1.4177155102661345
0.0
0.0
0.0
0.0
0.0
0.4220604162874224
0.0
0.0
0.08262357406783849
0.06252078591205645
0.0
0.0
0.6282856490575724
0.0
0.0
0.0
0.0
1.4186828000470997
0.0
1.3537886377229975
0.0
0.0
1.4611930455975966
0.0
0.0
0.0
0.49256391738240113
0.0
0.0
0.0
0.6018769271609855
1.4177997527382675
0.0
0.0
0.0
0.0
0.0
0.42195975539631464
0.0
0.0
0.08200473505957961
0.0626911137610852
0.0
0.0
0.6121376211152073
0.0
0.0
0.0
0.0
1.4193782811034836
0.0
1.3450517330252492
0.0
0.0
1.4582851484262693
0.0
0.0
0.0
0.49042743961754776
0.0
0.0
0.0
0.5979159340930945
1.4157606068581992
0.0
0.0
0.0
0.0
0.0
0.42266203115302464
0.0
0.0
0.0
0.6332392102647824
0.0
0.0
0.6279206441842903
0.0
0.0
0.0
0.0
1.4178396757929494
0.0
1.347554583734988
0.0
0.0
1.454891713051235
0.0
0.0
0.0
0.49126749309938283
0.0
0.0
0.0
0.6029972827645942
1.4172506732643608
0.0
0.0
0.0
0.0
0.0
0.42075737185704043
0.0
0.0
0.07636485994866515
0.06586713961287922
0.0
0.0
0.630347778009309
0.0
0.0
0.0
0.0
1.4190280586481094
0.0
1.3541334395413287
0.0
0.0
1.461307952646166
0.0
0.0
0.0
0.4927731336792931
0.0
0.0
0.0
0.602162851668254
1.4177155102661345
0.0
0.0
0.0
0.0
0.0
0.4220604162874224
0.0
0.0
0.08262357406783849
0.06252078591205645
0.0
0.0
0.0
0.0
0.0
0.0
0.0
1.4245109894545749
0.0
1.365903724275995
0.0
0.0
1.4645260062534362
0.0
0.0
0.0
0.4963787055457942
0.0
0.0
0.0
0.6069753475021571
0.11758661424391903
0.0
0.0
0.0
0.0
0.0
0.023411474747263128
0.0
0.0
0.09047279751393944
0.0633560432906961
0.0
0.0
0.0
0.0
0.0
0.0
0.0
0.10900441079866141
0.0
0.11051795596722513
0.0
0.0
0.120747972978279
0.0
0.0
0.0
0.4952337332069874
0.0
0.0
0.0
0.024001782527193427
0.11605877317197155
0.0
0.0
0.0
0.0
0.0
0.4169121675658971
0.0
0.0
0.0
0.062450231140246615
0.0
0.0
0.0
0.0
0.0
0.0
0.0
0.10779628774616867
0.0
0.11140177614288405
0.0
0.0
0.12599178892560303
0.0
0.0
0.0
0.4902751431800425
0.0
0.0
0.0
0.017727495403960347
0.11644199893635232
0.0
0.0
0.0
0.0
0.0
0.41695827760122484
0.0
0.0
0.0
0.0628745331778191
0.0
0.0
0.0
0.0
0.0
0.0
0.0
0.10779628774616867
0.0
0.11140177614288405
0.0
0.0
0.12599178892560303
0.0
0.0
0.0
0.4902751431800425
0.0
0.0
0.0
0.017727495403960347
0.11644199893635232
0.0
0.0
0.0
0.0
0.0
0.41695827760122484
0.0
0.0
0.0
0.0628745331778191
0.0
0.0
0.0
0.0
0.0
0.0
0.0
0.10779628774616867
0.0
0.11140177614288405
0.0
0.0
0.12599178892560303
0.0
0.0
0.0
0.4902751431800425
0.0
0.0
0.0
0.017727495403960347
0.11644199893635232
0.0
0.0
0.0
0.0
0.0
0.41695827760122484
0.0
0.0
0.0
0.0628745331778191
0.0
0.0
0.0
0.0
0.0
0.0
0.0
0.10779628774616867
0.0
0.11140177614288405
0.0
0.0
0.12599178892560303
0.0
0.0
0.0
0.4902751431800425
0.0
0.0
0.0
0.017727495403960347
0.11644199893635232
0.0
0.0
0.0
0.0
0.0
0.41695827760122484
0.0
0.0
0.0
0.0628745331778191
0.0
0.0
0.0
0.0
0.0
0.0
0.0
0.10779628774616867
0.0
0.11140177614288405
0.0
0.0
0.12599178892560303
0.0
0.0
0.0
0.4902751431800425
0.0
0.0
0.0
0.017727495403960347
0.11644199893635232
0.0
0.0
0.0
0.0
0.0
0.41695827760122484
0.0
0.0
0.0
0.0628745331778191
0.0
0.0
0.0
0.0
0.0
0.0
0.0
0.10779628774616867
0.0
0.11140177614288405
0.0
0.0
0.12599178892560303
0.0
0.0
0.0
0.4902751431800425
0.0
0.0
0.0
0.017727495403960347
0.11644199893635232
0.0
0.0
0.0
0.0
0.0
0.41695827760122484
0.0
0.0
0.0
0.0628745331778191
0.0
0.0
0.0
0.0
0.0
0.0
0.0
0.10779628774616867
0.0
0.11140177614288405
0.0
0.0
0.12599178892560303
0.0
0.0
0.0
0.4902751431800425
0.0
0.0
0.0
0.017727495403960347
0.11644199893635232
0.0
0.0
0.0
0.0
0.0
0.41695827760122484
0.0
0.0
0.0
0.0628745331778191
0.0
0.0
0.0
0.0
0.0
0.0
0.0
0.10779628774616867
0.0
0.11140177614288405
0.0
0.0
0.12599178892560303
0.0
0.0
0.0
0.4902751431800425
0.0
0.0
0.0
0.017727495403960347
0.11644199893635232
0.0
0.0
0.0
0.0
0.0
0.41695827760122484
0.0
0.0
0.0
0.0628745331778191
0.0
0.0
0.005369554167869044
0.0
0.0
0.0
0.0
0.10770480189262432
0.0
0.11113934716935653
0.0
0.0
0.12587842241605268
0.0
0.0
0.0
0.4901225172384989
0.0
0.0
0.0
0.017730461158641322
0.11662893257550119
0.0
0.0
0.0
0.0
0.0
0.41706708879840637
0.0
0.0
0.0
0.06285436401399327
0.0
0.0
0.1893327551233062
0.0
0.0
0.0
0.0
0.1129161177171102
0.0
0.18504347654274098
0.0
0.0
0.12469862899149531
0.0
0.0
0.0
0.49884782522076776
0.0
0.0
0.0
0.014275173033877531
0.11605771733122631
0.0
0.0
0.0
0.0
0.0
0.4182705077111285
0.0
0.0
0.16416695567130973
0.06321148272631143
0.0
0.0
0.0
0.0
0.0
0.0
0.0
0.10163841761566479
0.0
0.49085623822334756
0.0
0.0
1.287921863084878
0.0
0.0
0.0
0.48637674295106065
0.0
0.0
0.0
0.0004069855208417364
0.11726825064288991
0.0
0.0
0.0
0.0
0.0
0.41741661876160424
0.0
0.0
0.0
0.06288048193770616
0.0
0.0
0.0
0.0
0.0
0.0
0.0
0.10779628774616867
0.0
0.11140177614288405
0.0
0.0
0.12599178892560303
0.0
0.0
0.0
0.4902751431800425
0.0
0.0
0.0
0.017727495403960347
0.11644199893635232
0.0
0.0
0.0
0.0
0.0
0.41695827760122484
0.0
0.0
0.0
0.0628745331778191
0.0
0.0
0.0
0.0
0.0
0.0
0.0
0.11361180536914617
0.0
0.11586731282295659
0.0
0.0
0.12773183034732938
0.0
0.0
0.0
0.4896778709371574
0.0
0.0
0.0
0.022031666478142142
0.11877068092871923
0.0
0.0
0.0
0.0
0.0
0.02077982344053453
0.0
0.0
0.0
0.061922435532324016
0.0
0.0
0.003703099675476551
0.0
0.0
0.0
0.0
0.122406966984272
0.0
0.10917439311742783
0.0
0.0
0.12037908285856247
0.0
0.0
0.0
0.035166606307029724
0.0
0.0
0.0
0.03683976083993912
0.11913120746612549
0.0
0.0
0.0
0.0
0.0
0.02789963036775589
0.0
0.0
0.0
0.05927939713001251
0.0
0.0
0.003703099675476551
0.0
0.0
0.0
0.0
0.122406966984272
0.0
0.10917439311742783
0.0
0.0
0.12037908285856247
0.0
0.0
0.0
0.035166606307029724
0.0
0.0
0.0
0.03683976083993912
0.11913120746612549
0.0
0.0
0.0
0.0
0.0
0.02789963036775589
0.0
0.0
0.0
0.05927939713001251
0.0
0.0
0.003703099675476551
0.0
0.0
0.0
0.0
0.122406966984272
0.0
0.10917439311742783
0.0
0.0
0.12037908285856247
0.0
0.0
0.0
0.035166606307029724
0.0
0.0
0.0
0.03683976083993912
0.11913120746612549
0.0
0.0
0.0
0.0
0.0
0.02789963036775589
0.0
0.0
0.0
0.05927939713001251
0.0
0.0
0.003703099675476551
0.0
0.0
0.0
0.0
0.122406966984272
0.0
0.10917439311742783
0.0
0.0
0.12037908285856247
0.0
0.0
0.0
0.035166606307029724
0.0
0.0
0.0
0.03683976083993912
0.11913120746612549
0.0
0.0
0.0
0.0
0.0
0.02789963036775589
0.0
0.0
0.0
0.05927939713001251
0.0
0.0
0.003703099675476551
0.0
0.0
0.0
0.0
0.122406966984272
0.0
0.10917439311742783
0.0
0.0
0.12037908285856247
0.0
0.0
0.0
0.035166606307029724
0.0
0.0
0.0
0.03683976083993912
0.11913120746612549
0.0
0.0
0.0
0.0
0.0
0.02789963036775589
0.0
0.0
0.0
0.05927939713001251
0.0
0.0
0.003703099675476551
0.0
0.0
0.0
0.0
0.122406966984272
0.0
0.10917439311742783
0.0
0.0
0.12037908285856247
0.0
0.0
0.0
0.035166606307029724
0.0
0.0
0.0
0.03683976083993912
0.11913120746612549
0.0
0.0
0.0
0.0
0.0
0.02789963036775589
0.0
0.0
0.0
0.05927939713001251
0.0
0.0
0.003703099675476551
0.0
0.0
0.0
0.0
0.122406966984272
0.0
0.10917439311742783
0.0
0.0
0.12037908285856247
0.0
0.0
0.0
0.035166606307029724
0.0
0.0
0.0
0.03683976083993912
0.11913120746612549
0.0
0.0
0.0
0.0
0.0
0.02789963036775589
0.0
0.0
0.0
0.05927939713001251
0.0
0.0
0.003703099675476551
0.0
0.0
0.0
0.0
0.122406966984272
0.0
0.10917439311742783
0.0
0.0
0.12037908285856247
0.0
0.0
0.0
0.035166606307029724
0.0
0.0
0.0
0.03683976083993912
0.11913120746612549
0.0
0.0
0.0
0.0
0.0
0.02789963036775589
0.0
0.0
0.0
0.05927939713001251
0.0
0.0
0.003703099675476551
0.0
0.0
0.0
0.0
0.122406966984272
0.0
0.10917439311742783
0.0
0.0
0.12037908285856247
0.0
0.0
0.0
0.035166606307029724
0.0
0.0
0.0
0.03683976083993912
0.11913120746612549
0.0
0.0
0.0
0.0
0.0
0.02789963036775589
0.0
0.0
0.0
0.05927939713001251
0.0
0.0
0.003703099675476551
0.0
0.0
0.0
0.0
0.122406966984272
0.0
0.10917439311742783
0.0
0.0
0.12037908285856247
0.0
0.0
0.0
0.035166606307029724
0.0
0.0
0.0
0.03683976083993912
0.11913120746612549
0.0
0.0
0.0
0.0
0.0
0.02789963036775589
0.0
0.0
0.0
0.05927939713001251
0.0
0.0
0.003703099675476551
0.0
0.0
0.0
0.0
0.122406966984272
0.0
0.10917439311742783
0.0
0.0
0.12037908285856247
0.0
0.0
0.0
0.035166606307029724
0.0
0.0
0.0
0.03683976083993912
0.11913120746612549
0.0
0.0
0.0
0.0
0.0
0.02789963036775589
0.0
0.0
0.0
0.05927939713001251
0.0
0.0
0.003703099675476551
0.0
0.0
0.0
0.0
0.122406966984272
0.0
0.10917439311742783
0.0
0.0
0.12037908285856247
0.0
0.0
0.0
0.035166606307029724
0.0
0.0
0.0
0.03683976083993912
0.11913120746612549
0.0
0.0
0.0
0.0
0.0
0.02789963036775589
0.0
0.0
0.0
0.05927939713001251
0.0
0.0
0.003703099675476551
0.0
0.0
0.0
0.0
0.122406966984272
0.0
0.10917439311742783
0.0
0.0
0.12037908285856247
0.0
0.0
0.0
0.035166606307029724
0.0
0.0
0.0
0.03683976083993912
0.11913120746612549
0.0
0.0
0.0
0.0
0.0
0.02789963036775589
0.0
0.0
0.0
0.05927939713001251
0.0
0.0
0.003703099675476551
0.0
0.0
0.0
0.0
0.122406966984272
0.0
0.10917439311742783
0.0
0.0
0.12037908285856247
0.0
0.0
0.0
0.035166606307029724
0.0
0.0
0.0
0.03683976083993912
0.11913120746612549
0.0
0.0
0.0
0.0
0.0
0.02789963036775589
0.0
0.0
0.0
0.05927939713001251
0.0
0.0
