0.003596265960368328
0.0
0.0
0.0
0.0
0.11808578763157129
0.0
1.3358587250113487
0.0
0.0
0.12350270012393594
0.0
0.0
0.0
0.037008940475061536
0.0
0.0
0.0
0.025987780652940273
0.1186901266046334
0.0
0.0
0.0
0.0
0.0
0.029118311125785112
0.0
0.0
0.0
0.05878534528892487
0.0
0.0
0.003703099675476551
0.0
0.0
0.0
0.0
0.122406966984272
0.0
0.10917439311742783
0.0
0.0
0.12037908285856247
0.0
0.0
0.0
0.035166606307029724
0.0
0.0
0.0
0.03683976083993912
0.11913120746612549
0.0
0.0
0.0
0.0
0.0
0.02789963036775589
0.0
0.0
0.0
0.05927939713001251
0.0
0.0
0.003703099675476551
0.0
0.0
0.0
0.0
0.122406966984272
0.0
0.10917439311742783
0.0
0.0
0.12037908285856247
0.0
0.0
0.0
0.035166606307029724
0.0
0.0
0.0
0.03683976083993912
0.11913120746612549
0.0
0.0
0.0
0.0
0.0
0.02789963036775589
0.0
0.0
0.0
0.05927939713001251
0.0
0.0
0.003703099675476551
0.0
0.0
0.0
0.0
0.122406966984272
0.0
0.10917439311742783
0.0
0.0
0.12037908285856247
0.0
0.0
0.0
0.035166606307029724
0.0
0.0
0.0
0.03683976083993912
0.11913120746612549
0.0
0.0
0.0
0.0
0.0
0.02789963036775589
0.0
0.0
0.0
0.05927939713001251
0.0
0.0
0.003703099675476551
0.0
0.0
0.0
0.0
0.122406966984272
0.0
0.10917439311742783
0.0
0.0
0.12037908285856247
0.0
0.0
0.0
0.035166606307029724
0.0
0.0
0.0
0.03683976083993912
0.11913120746612549
0.0
0.0
0.0
0.0
0.0
0.02789963036775589
0.0
0.0
0.0
0.05927939713001251
0.0
0.0
0.003703099675476551
0.0
0.0
0.0
0.0
0.122406966984272
0.0
0.10917439311742783
0.0
0.0
0.12037908285856247
0.0
0.0
0.0
0.035166606307029724
0.0
0.0
0.0
0.03683976083993912
0.11913120746612549
0.0
0.0
0.0
0.0
0.0
0.02789963036775589
0.0
0.0
0.0
0.05927939713001251
0.0
0.0
0.003703099675476551
0.0
0.0
0.0
0.0
0.122406966984272
0.0
0.10917439311742783
0.0
0.0
0.12037908285856247
0.0
0.0
0.0
0.035166606307029724
0.0
0.0
0.0
0.03683976083993912
0.11913120746612549
0.0
0.0
0.0
0.0
0.0
0.02789963036775589
0.0
0.0
0.0
0.05927939713001251
0.0
0.0
0.003703099675476551
0.0
0.0
0.0
0.0
0.122406966984272
0.0
0.10917439311742783
0.0
0.0
0.12037908285856247
0.0
0.0
0.0
0.035166606307029724
0.0
0.0
0.0
0.03683976083993912
0.11913120746612549
0.0
0.0
0.0
0.0
0.0
0.02789963036775589
0.0
0.0
0.0
0.05927939713001251
0.0
0.0
0.003703099675476551
0.0
0.0
0.0
0.0
0.122406966984272
0.0
0.10917439311742783
0.0
0.0
0.12037908285856247
0.0
0.0
0.0
0.035166606307029724
0.0
0.0
0.0
0.03683976083993912
0.11913120746612549
0.0
0.0
0.0
0.0
0.0
0.02789963036775589
0.0
0.0
0.0
0.05927939713001251
0.0
0.0
0.003703099675476551
0.0
0.0
0.0
0.0
0.122406966984272
0.0
0.10917439311742783
0.0
0.0
0.12037908285856247
0.0
0.0
0.0
0.035166606307029724
0.0
0.0
0.0
0.03683976083993912
0.11913120746612549
0.0
0.0
0.0
0.0
0.0
0.02789963036775589
0.0
0.0
0.0
0.05927939713001251
0.0
0.0
0.003703099675476551
0.0
0.0
0.0
0.0
0.122406966984272
0.0
0.10917439311742783
0.0
0.0
0.12037908285856247
0.0
0.0
0.0
0.035166606307029724
0.0
0.0
0.0
0.03683976083993912
0.11913120746612549
0.0
0.0
0.0
0.0
0.0
0.02789963036775589
0.0
0.0
0.0
0.05927939713001251
0.0
0.0
0.003703099675476551
0.0
0.0
0.0
0.0
0.122406966984272
0.0
0.10917439311742783
0.0
0.0
0.12037908285856247
0.0
0.0
0.0
0.035166606307029724
0.0
0.0
0.0
0.03683976083993912
0.11913120746612549
0.0
0.0
0.0
0.0
0.0
0.02789963036775589
0.0
0.0
0.0
0.05927939713001251
0.0
0.0
0.003703099675476551
0.0
0.0
0.0
0.0
0.122406966984272
0.0
0.10917439311742783
0.0
0.0
0.12037908285856247
0.0
0.0
0.0
0.035166606307029724
0.0
0.0
0.0
0.03683976083993912
0.11913120746612549
0.0
0.0
0.0
0.0
0.0
0.02789963036775589
0.0
0.0
0.0
0.05927939713001251
0.0
0.0
0.003703099675476551
0.0
0.0
0.0
0.0
0.122406966984272
0.0
0.10917439311742783
0.0
0.0
0.12037908285856247
0.0
0.0
0.0
0.035166606307029724
0.0
0.0
0.0
0.03683976083993912
0.11913120746612549
0.0
0.0
0.0
0.0
0.0
0.02789963036775589
0.0
0.0
0.0
0.05927939713001251
0.0
0.0
0.003703099675476551
0.0
0.0
0.0
0.0
0.122406966984272
0.0
0.10917439311742783
0.0
0.0
0.12037908285856247
0.0
0.0
0.0
0.035166606307029724
0.0
0.0
0.0
0.03683976083993912
0.11913120746612549
0.0
0.0
0.0
0.0
0.0
0.02789963036775589
0.0
0.0
0.0
0.05927939713001251
0.0
0.0
0.003703099675476551
0.0
0.0
0.0
0.0
0.122406966984272
0.0
0.10917439311742783
0.0
0.0
0.12037908285856247
0.0
0.0
0.0
0.035166606307029724
0.0
0.0
0.0
0.03683976083993912
0.11913120746612549
0.0
0.0
0.0
0.0
0.0
0.02789963036775589
0.0
0.0
0.0
0.05927939713001251
0.0
0.0
0.003703099675476551
0.0
0.0
0.0
0.0
0.122406966984272
0.0
0.10917439311742783
0.0
0.0
0.12037908285856247
0.0
0.0
0.0
0.035166606307029724
0.0
0.0
0.0
0.03683976083993912
0.11913120746612549
0.0
0.0
0.0
0.0
0.0
0.02789963036775589
0.0
0.0
0.0
0.05927939713001251
0.0
0.0
0.003703099675476551
0.0
0.0
0.0
0.0
0.122406966984272
0.0
0.10917439311742783
0.0
0.0
0.12037908285856247
0.0
0.0
0.0
0.035166606307029724
0.0
0.0
0.0
0.03683976083993912
0.11913120746612549
0.0
0.0
0.0
0.0
0.0
0.02789963036775589
0.0
0.0
0.0
0.05927939713001251
0.0
0.0
0.003703099675476551
0.0
0.0
0.0
0.0
0.122406966984272
0.0
0.10917439311742783
0.0
0.0
0.12037908285856247
0.0
0.0
0.0
0.035166606307029724
0.0
0.0
0.0
0.03683976083993912
0.11913120746612549
0.0
0.0
0.0
0.0
0.0
0.02789963036775589
0.0
0.0
0.0
0.05927939713001251
0.0
0.0
0.003703099675476551
0.0
0.0
0.0
0.0
0.122406966984272
0.0
0.10917439311742783
0.0
0.0
0.12037908285856247
0.0
0.0
0.0
0.035166606307029724
0.0
0.0
0.0
0.03683976083993912
0.11913120746612549
0.0
0.0
0.0
0.0
0.0
0.02789963036775589
0.0
0.0
0.0
0.05927939713001251
0.0
0.0
0.003703099675476551
0.0
0.0
0.0
0.0
0.122406966984272
0.0
0.10917439311742783
0.0
0.0
0.12037908285856247
0.0
0.0
0.0
0.035166606307029724
0.0
0.0
0.0
0.03683976083993912
0.11913120746612549
0.0
0.0
0.0
0.0
0.0
0.02789963036775589
0.0
0.0
0.0
0.05927939713001251
0.0
0.0
0.003703099675476551
0.0
0.0
0.0
0.0
0.122406966984272
0.0
0.10917439311742783
0.0
0.0
0.12037908285856247
0.0
0.0
0.0
0.035166606307029724
0.0
0.0
0.0
0.03683976083993912
0.11913120746612549
0.0
0.0
0.0
0.0
0.0
0.02789963036775589
0.0
0.0
0.0
0.05927939713001251
0.0
0.0
0.003703099675476551
0.0
0.0
0.0
0.0
0.122406966984272
0.0
0.10917439311742783
0.0
0.0
0.12037908285856247
0.0
0.0
0.0
0.035166606307029724
0.0
0.0
0.0
0.03683976083993912
0.11913120746612549
0.0
0.0
0.0
0.0
0.0
0.02789963036775589
0.0
0.0
0.0
0.05927939713001251
0.0
0.0
0.003703099675476551
0.0
0.0
0.0
0.0
0.122406966984272
0.0
0.10917439311742783
0.0
0.0
0.12037908285856247
0.0
0.0
0.0
0.035166606307029724
0.0
0.0
0.0
0.03683976083993912
0.11913120746612549
0.0
0.0
0.0
0.0
0.0
0.02789963036775589
0.0
0.0
0.0
0.05927939713001251
0.0
0.0
0.003703099675476551
0.0
0.0
0.0
0.0
0.122406966984272
0.0
0.10917439311742783
0.0
0.0
0.12037908285856247
0.0
0.0
0.0
0.035166606307029724
0.0
0.0
0.0
0.03683976083993912
0.11913120746612549
0.0
0.0
0.0
0.0
0.0
0.02789963036775589
0.0
0.0
0.0
0.05927939713001251
0.0
0.0
0.003703099675476551
0.0
0.0
0.0
0.0
0.122406966984272
0.0
0.10917439311742783
0.0
0.0
0.12037908285856247
0.0
0.0
0.0
0.035166606307029724
0.0
0.0
0.0
0.03683976083993912
0.11913120746612549
0.0
0.0
0.0
0.0
0.0
0.02789963036775589
0.0
0.0
0.0
0.05927939713001251
0.0
0.0
0.003703099675476551
0.0
0.0
0.0
0.0
0.122406966984272
0.0
0.10917439311742783
0.0
0.0
0.12037908285856247
0.0
0.0
0.0
0.035166606307029724
0.0
0.0
0.0
0.03683976083993912
0.11913120746612549
0.0
0.0
0.0
0.0
0.0
0.02789963036775589
0.0
0.0
0.0
0.05927939713001251
0.0
0.0
0.003703099675476551
0.0
0.0
0.0
0.0
0.122406966984272
0.0
0.10917439311742783
0.0
0.0
0.12037908285856247
0.0
0.0
0.0
0.035166606307029724
0.0
0.0
0.0
0.03683976083993912
0.11913120746612549
0.0
0.0
0.0
0.0
0.0
0.02789963036775589
0.0
0.0
0.0
0.05927939713001251
0.0
0.0
0.003703099675476551
0.0
0.0
0.0
0.0
0.122406966984272
0.0
0.10917439311742783
0.0
0.0
0.12037908285856247
0.0
0.0
0.0
0.035166606307029724
0.0
0.0
0.0
0.03683976083993912
0.11913120746612549
0.0
0.0
0.0
0.0
0.0
0.02789963036775589
0.0
0.0
0.0
0.05927939713001251
0.0
0.0
0.003703099675476551
0.0
0.0
0.0
0.0
0.122406966984272
0.0
0.10917439311742783
0.0
0.0
0.12037908285856247
0.0
0.0
0.0
0.035166606307029724
0.0
0.0
0.0
0.03683976083993912
0.11913120746612549
0.0
0.0
0.0
0.0
0.0
0.02789963036775589
0.0
0.0
0.0
0.05927939713001251
0.0
0.0
0.003703099675476551
0.0
0.0
0.0
0.0
0.122406966984272
0.0
0.10917439311742783
0.0
0.0
0.12037908285856247
0.0
0.0
0.0
0.035166606307029724
0.0
0.0
0.0
0.03683976083993912
0.11913120746612549
0.0
0.0
0.0
0.0
0.0
0.02789963036775589
0.0
0.0
0.0
0.05927939713001251
0.0
0.0
0.003703099675476551
0.0
0.0
0.0
0.0
0.122406966984272
0.0
0.10917439311742783
0.0
0.0
0.12037908285856247
0.0
0.0
0.0
0.035166606307029724
0.0
0.0
0.0
0.03683976083993912
0.11913120746612549
0.0
0.0
0.0
0.0
0.0
0.02789963036775589
0.0
0.0
0.0
0.05927939713001251
0.0
0.0
0.003703099675476551
0.0
0.0
0.0
0.0
0.122406966984272
0.0
0.10917439311742783
0.0
0.0
0.12037908285856247
0.0
0.0
0.0
0.035166606307029724
0.0
0.0
0.0
0.03683976083993912
0.11913120746612549
0.0
0.0
0.0
0.0
0.0
0.02789963036775589
0.0
0.0
0.0
0.05927939713001251
0.0
0.0
0.0
0.0
0.0
0.0
0.0
0.1188701579036812
0.0
0.10508365142433082
0.0
0.0
0.11903176783474491
0.0
0.0
0.0
0.032866086695781525
0.0
0.0
0.0
0.033620255153772295
0.11988285451296571
0.0
0.0
0.0
0.07059490038629843
0.0
0.02690344373467287
0.0
0.0
0.0
0.09683050282354302
0.0
0.0
0.0
0.0
0.0
0.0
0.0
0.12493100227587217
0.0
0.09816356421649164
0.0
0.0
0.11408815437051303
0.0
0.0
0.0
0.03394240730572789
0.0
0.0
0.0
0.035970632265996436
0.11594349897247465
0.05170935456659281
0.0
0.0
0.0
0.0
0.02846438477098869
0.0
0.0
0.0
0.5574668909633057
0.0
0.0
0.0015607317192274529
0.0
0.0
0.0
0.0
0.12102135680524596
0.0
0.1055062528571808
0.0
0.0
0.11661852993911095
0.0
0.0
0.0
0.03387945271236936
0.0
0.0
0.0
0.03686222425348402
0.1192453437792959
0.0
0.0
0.0
0.0
0.0
0.02692511037914265
0.0
0.0
0.0
0.05990344405302084
0.0
0.0
0.003703099675476551
0.0
0.0
0.0
0.0
0.122406966984272
0.0
0.10917439311742783
0.0
0.0
0.12037908285856247
0.0
0.0
0.0
0.035166606307029724
0.0
0.0
0.0
0.03683976083993912
0.11913120746612549
0.0
0.0
0.0
0.0
0.0
0.02789963036775589
0.0
0.0
0.0
0.05927939713001251
0.0
0.0
0.003703099675476551
0.0
0.0
0.0
0.0
0.122406966984272
0.0
0.10917439311742783
0.0
0.0
0.12037908285856247
0.0
0.0
0.0
0.035166606307029724
0.0
0.0
0.0
0.03683976083993912
0.11913120746612549
0.0
0.0
0.0
0.0
0.0
0.02789963036775589
0.0
0.0
0.0
0.05927939713001251
0.0
0.0
0.003703099675476551
0.0
0.0
0.0
0.0
0.122406966984272
0.0
0.10917439311742783
0.0
0.0
0.12037908285856247
0.0
0.0
0.0
0.035166606307029724
0.0
0.0
0.0
0.03683976083993912
0.11913120746612549
0.0
0.0
0.0
0.0
0.0
0.02789963036775589
0.0
0.0
0.0
0.05927939713001251
0.0
0.0
0.003703099675476551
0.0
0.0
0.0
0.0
0.122406966984272
0.0
0.10917439311742783
0.0
0.0
0.12037908285856247
0.0
0.0
0.0
0.035166606307029724
0.0
0.0
0.0
0.03683976083993912
0.11913120746612549
0.0
0.0
0.0
0.0
0.0
0.02789963036775589
0.0
0.0
0.0
0.05927939713001251
0.0
0.0
0.003703099675476551
0.0
0.0
0.0
0.0
0.122406966984272
0.0
0.10917439311742783
0.0
0.0
0.12037908285856247
0.0
0.0
0.0
0.035166606307029724
0.0
0.0
0.0
0.03683976083993912
0.11913120746612549
0.0
0.0
0.0
0.0
0.0
0.02789963036775589
0.0
0.0
0.0
0.05927939713001251
0.0
0.0
0.003703099675476551
0.0
0.0
0.0
0.0
0.122406966984272
0.0
0.10917439311742783
0.0
0.0
0.12037908285856247
0.0
0.0
0.0
0.035166606307029724
0.0
0.0
0.0
0.03683976083993912
0.11913120746612549
0.0
0.0
0.0
0.0
0.0
0.02789963036775589
0.0
0.0
0.0
0.05927939713001251
0.0
0.0
0.003703099675476551
0.0
0.0
0.0
0.0
0.122406966984272
0.0
0.10917439311742783
0.0
0.0
0.12037908285856247
0.0
0.0
0.0
0.035166606307029724
0.0
0.0
0.0
0.03683976083993912
0.11913120746612549
0.0
0.0
0.0
0.0
0.0
0.02789963036775589
0.0
0.0
0.0
0.05927939713001251
0.0
0.0
0.003703099675476551
0.0
0.0
0.0
0.0
0.122406966984272
0.0
0.10917439311742783
0.0
0.0
0.12037908285856247
0.0
0.0
0.0
0.035166606307029724
0.0
0.0
0.0
0.03683976083993912
0.11913120746612549
0.0
0.0
0.0
0.0
0.0
0.02789963036775589
0.0
0.0
0.0
0.05927939713001251
0.0
0.0
0.003703099675476551
0.0
0.0
0.0
0.0
0.122406966984272
0.0
0.10917439311742783
0.0
0.0
0.12037908285856247
0.0
0.0
0.0
0.035166606307029724
0.0
0.0
0.0
0.03683976083993912
0.11913120746612549
0.0
0.0
0.0
0.0
0.0
0.02789963036775589
0.0
0.0
0.0
0.05927939713001251
0.0
0.0
0.003703099675476551
0.0
0.0
0.0
0.0
0.122406966984272
0.0
0.10917439311742783
0.0
0.0
0.12037908285856247
0.0
0.0
0.0
0.035166606307029724
0.0
0.0
0.0
0.03683976083993912
0.11913120746612549
0.0
0.0
0.0
0.0
0.0
0.02789963036775589
0.0
0.0
0.0
0.05927939713001251
0.0
0.0
0.0
0.0
0.0
0.0
0.0
0.11760035841999684
0.0
0.10164351379864064
0.0
0.0
0.11841096935574623
0.0
0.0
0.0
0.03099927055448586
0.0
0.0
0.0
0.03148673017573196
0.5838389284447676
0.0
0.0
0.0
0.11958297773026952
0.0
0.02653458323786218
0.0
0.0
0.0
0.13310839234093458
0.0
0.0
0.3179253050323014
0.0
0.0
0.0
0.0
1.2759444226515386
0.0
0.08445377418333117
0.0
0.0
0.10755298087446422
0.0
0.0
0.0
0.0267730957965136
0.0
0.0
0.0
0.24007926625276654
1.4065184324212814
0.005753542298414516
0.0
0.0
0.015366794305908343
0.0
0.028635921147560663
0.0
0.0
0.0
0.7201443219934042
0.0
0.0
0.0
0.0
0.0
0.0
0.0
1.426868043024111
0.0
0.8175011328280006
0.0
0.0
0.18496003910606984
0.0
0.0
0.0
0.0377258176210293
0.0
0.0
0.0
0.6306798693937405
0.21072485057788892
0.06997385979903964
0.0
0.0
0.09457088745251646
0.0
0.028097359693578364
0.0
0.0
0.0
0.7183272605495957
0.0
0.0
0.001513543722303082
0.0
0.0
0.0
0.0
0.11443943737403435
0.0
0.12876357781089037
0.0
0.0
1.1224980138534424
0.0
0.0
0.0
0.028589318222857044
0.0
0.0
0.0
0.09534199538924013
0.11946906106781635
0.09756318662525615
0.0
0.0
0.0
0.0
0.026508702814031743
0.0
0.0
0.0
0.1103123813855585
0.0
0.0
0.003502981835866676
0.0
0.0
0.0
0.0
0.12227507500964052
0.0
0.1088473989354337
0.0
0.0
0.12004173048498
0.0
0.0
0.0
0.03504667977035484
0.0
0.0
0.0
0.03683663578318802
0.11914570511400918
0.0
0.0
0.0
0.0
0.0
0.027809885618112543
0.0
0.0
0.0
0.059320647581754364
0.0
0.0
0.003703099675476551
0.0
0.0
0.0
0.0
0.122406966984272
0.0
0.10917439311742783
0.0
0.0
0.12037908285856247
0.0
0.0
0.0
0.035166606307029724
0.0
0.0
0.0
0.03683976083993912
0.11913120746612549
0.0
0.0
0.0
0.0
0.0
0.02789963036775589
0.0
0.0
0.0
0.05927939713001251
0.0
0.0
0.003703099675476551
0.0
0.0
0.0
0.0
0.122406966984272
0.0
0.10917439311742783
0.0
0.0
0.12037908285856247
0.0
0.0
0.0
0.035166606307029724
0.0
0.0
0.0
0.03683976083993912
0.11913120746612549
0.0
0.0
0.0
0.0
0.0
0.02789963036775589
0.0
0.0
0.0
0.05927939713001251
0.0
0.0
0.003703099675476551
0.0
0.0
0.0
0.0
0.122406966984272
0.0
0.10917439311742783
0.0
0.0
0.12037908285856247
0.0
0.0
0.0
0.035166606307029724
0.0
0.0
0.0
0.03683976083993912
0.11913120746612549
0.0
0.0
0.0
0.0
0.0
0.02789963036775589
0.0
0.0
0.0
0.05927939713001251
0.0
0.0
0.003703099675476551
0.0
0.0
0.0
0.0
0.122406966984272
0.0
0.10917439311742783
0.0
0.0
0.12037908285856247
0.0
0.0
0.0
0.035166606307029724
0.0
0.0
0.0
0.03683976083993912
0.11913120746612549
0.0
0.0
0.0
0.0
0.0
0.02789963036775589
0.0
0.0
0.0
0.05927939713001251
0.0
0.0
0.003703099675476551
0.0
0.0
0.0
0.0
0.122406966984272
0.0
0.10917439311742783
0.0
0.0
0.12037908285856247
0.0
0.0
0.0
0.035166606307029724
0.0
0.0
0.0
0.03683976083993912
0.11913120746612549
0.0
0.0
0.0
0.0
0.0
0.02789963036775589
0.0
0.0
0.0
0.05927939713001251
0.0
0.0
0.003703099675476551
0.0
0.0
0.0
0.0
0.122406966984272
0.0
0.10917439311742783
0.0
0.0
0.12037908285856247
0.0
0.0
0.0
0.035166606307029724
0.0
0.0
0.0
0.03683976083993912
0.11913120746612549
0.0
0.0
0.0
0.0
0.0
0.02789963036775589
0.0
0.0
0.0
0.05927939713001251
0.0
0.0
0.003703099675476551
0.0
0.0
0.0
0.0
0.122406966984272
0.0
0.10917439311742783
0.0
0.0
0.12037908285856247
0.0
0.0
0.0
0.035166606307029724
0.0
0.0
0.0
0.03683976083993912
0.11913120746612549
0.0
0.0
0.0
0.0
0.0
0.02789963036775589
0.0
0.0
0.0
0.05927939713001251
0.0
0.0
0.003703099675476551
0.0
0.0
0.0
0.0
0.122406966984272
0.0
0.10917439311742783
0.0
0.0
0.12037908285856247
0.0
0.0
0.0
0.035166606307029724
0.0
0.0
0.0
0.03683976083993912
0.11913120746612549
0.0
0.0
0.0
0.0
0.0
0.02789963036775589
0.0
0.0
0.0
0.05927939713001251
0.0
0.0
0.0
0.0
0.0
0.0
0.0
0.12164246579632162
0.0
0.10841090337683758
0.0
0.0
0.12012464582244409
0.0
0.0
0.0
0.03470334164962611
0.0
0.0
0.0
0.03620664228813029
0.11931774436870553
0.0
0.0
0.0
0.0
0.0
0.02767673839458867
0.0
0.0
0.0
0.05965655165286187
0.0
0.0
0.5533687856571643
0.0
0.0
0.0
0.0
0.8590836247205551
0.0
0.08635165947945972
0.0
0.0
0.1125634292259301
0.0
0.0
0.0
0.026751851187602333
0.0
0.0
0.0
0.025765102240342563
1.408986867762025
0.0
0.0
0.0
0.0
0.0
0.17110711989476912
0.0
0.0
0.0
0.6788024378991824
0.0
0.0
0.5990404648109403
0.0
0.0
0.0
0.0
1.4207598456026365
0.0
1.225804411856385
0.0
0.0
0.2532833522021332
0.0
0.0
0.0
0.44101266614461027
0.0
0.0
0.0
0.6073269951350585
1.4030052740202748
0.0
0.0
0.0
0.0
0.0
0.41879093106054277
0.0
0.0
0.0
0.6052241507099311
0.0
0.0
0.3514206241000804
0.0
0.0
0.0
0.0
1.410648626349775
0.0
1.3264085656141533
0.0
0.0
1.444201153941343
0.0
0.0
0.0
0.4835755906128565
0.0
0.0
0.0
0.5960896013171627
1.4060126096936967
0.0
0.0
0.0
0.011582123018988422
0.0
0.0527842287888965
0.0
0.0
0.0
0.7178150157456734
0.0
0.0
0.0
0.0
0.039176000352474094
0.0
0.0
1.3370618374255832
0.0
0.8967426634249824
0.0
0.0
1.4362348772192775
0.0
0.0
0.0
0.019368289994542695
0.0
0.0
0.0
0.6121284014474192
0.7026764636569971
0.0336520652609133
0.0
0.0
0.12306704138458119
0.0
0.027316304334189957
0.0
0.0
0.0
0.7184522645145669
0.0
0.0
0.002795041870444502
0.0
0.0
0.0
0.0
0.1516185010555109
0.0
0.10249514465275056
0.0
0.0
0.20951301219106158
0.0
0.0
0.0
0.032684968929485574
0.0
0.0
0.0
0.3282093874769606
0.1175520903744744
0.23564324417955002
0.0
0.0
0.0
0.0
0.026466802848467613
0.0
0.0
0.0
0.1281580610449572
0.0
0.0
0.0034561579293735764
0.0
0.0
0.0
0.0
0.12215231877258595
0.0
0.10877851862186456
0.0
0.0
0.12009125761687756
0.0
0.0
0.0
0.03498163696597604
0.0
0.0
0.0
0.03743322506471647
0.11917357262607445
0.0
0.0
0.0
0.0
0.0
0.027781102182394962
0.0
0.0
0.0
0.05929455180268954
0.0
0.0
0.003703099675476551
0.0
0.0
0.0
0.0
0.122406966984272
0.0
0.10917439311742783
0.0
0.0
0.12037908285856247
0.0
0.0
0.0
0.035166606307029724
0.0
0.0
0.0
0.03683976083993912
0.11913120746612549
0.0
0.0
0.0
0.0
0.0
0.02789963036775589
0.0
0.0
0.0
0.05927939713001251
0.0
0.0
0.003703099675476551
0.0
0.0
0.0
0.0
0.122406966984272
0.0
0.10917439311742783
0.0
0.0
0.12037908285856247
0.0
0.0
0.0
0.035166606307029724
0.0
0.0
0.0
0.03683976083993912
0.11913120746612549
0.0
0.0
0.0
0.0
0.0
0.02789963036775589
0.0
0.0
0.0
0.05927939713001251
0.0
0.0
0.003703099675476551
0.0
0.0
0.0
0.0
0.122406966984272
0.0
0.10917439311742783
0.0
0.0
0.12037908285856247
0.0
0.0
0.0
0.035166606307029724
0.0
0.0
0.0
0.03683976083993912
0.11913120746612549
0.0
0.0
0.0
0.0
0.0
0.02789963036775589
0.0
0.0
0.0
0.05927939713001251
0.0
0.0
0.003703099675476551
0.0
0.0
0.0
0.0
0.122406966984272
0.0
0.10917439311742783
0.0
0.0
0.12037908285856247
0.0
0.0
0.0
0.035166606307029724
0.0
0.0
0.0
0.03683976083993912
0.11913120746612549
0.0
0.0
0.0
0.0
0.0
0.02789963036775589
0.0
0.0
0.0
0.05927939713001251
0.0
0.0
0.003703099675476551
0.0
0.0
0.0
0.0
0.122406966984272
0.0
0.10917439311742783
0.0
0.0
0.12037908285856247
0.0
0.0
0.0
0.035166606307029724
0.0
0.0
0.0
0.03683976083993912
0.11913120746612549
0.0
0.0
0.0
0.0
0.0
0.02789963036775589
0.0
0.0
0.0
0.05927939713001251
0.0
0.0
0.003703099675476551
0.0
0.0
0.0
0.0
0.122406966984272
0.0
0.10917439311742783
0.0
0.0
0.12037908285856247
0.0
0.0
0.0
0.035166606307029724
0.0
0.0
0.0
0.03683976083993912
0.11913120746612549
0.0
0.0
0.0
0.0
0.0
0.02789963036775589
0.0
0.0
0.0
0.05927939713001251
0.0
0.0
0.003703099675476551
0.0
0.0
0.0
0.0
0.122406966984272
0.0
0.10917439311742783
0.0
0.0
0.12037908285856247
0.0
0.0
0.0
0.035166606307029724
0.0
0.0
0.0
0.03683976083993912
0.11913120746612549
0.0
0.0
0.0
0.0
0.0
0.02789963036775589
0.0
0.0
0.0
0.05927939713001251
0.0
0.0
0.05933396422906834
0.0
0.0
0.0
0.0
0.12070279520452387
0.0
0.1056930416921044
0.0
0.0
0.11960401647888562
0.0
0.0
0.0
0.03310265183887061
0.0
0.0
0.0
0.03491571813239145
0.5225142469492687
0.0
0.0
0.0
0.0
0.0
0.02767358461038812
0.0
0.0
0.0
0.059841118597165295
0.0
0.0
0.6314814245414478
0.0
0.0
0.0
0.0
1.428963009136108
0.0
0.24573968289986106
0.0
0.0
0.10903018883146419
0.0
0.0
0.0
0.29813669243817187
0.0
0.0
0.0
0.20295573174191628
1.0983733920097423
0.0
0.0
0.0
0.0
0.0
0.42226524754620265
0.0
0.0
0.0
0.712907263798201
0.0
0.0
0.49215564308611004
0.0
0.0
0.0
0.0
0.10207478864136718
0.0
1.3379406720564209
0.0
0.0
1.3800609978956773
0.0
0.0
0.0
0.4927998108492579
0.0
0.0
0.0
0.465540296789564
0.15829143144045363
0.0
0.0
0.0
0.0
0.0
0.41616694377712427
0.0
0.0
0.1704701779341763
0.06452703053427303
0.0
0.0
0.6032097606478583
0.0
0.0
0.0017639282816911406
0.0
0.6071083084451875
0.0
1.0024338821259637
0.0
0.0
1.2067240186514994
0.0
0.0
0.0
0.48727064958919647
0.0
0.0
0.0
0.007507038872156004
1.2355990394463137
0.0
0.0
0.0
0.0
0.0
0.4167130007983788
0.0
0.0
0.17240996232676314
0.0648078114161834
0.0
0.0
0.5278754675869577
0.0
0.0
0.0
0.0
1.4163267265119608
0.0
1.3250165788536687
0.0
0.0
1.4381388516690325
0.0
0.0
0.0
0.45731690637989875
0.0
0.0
0.0
0.49972551206954835
1.4157162323003458
0.0
0.0
0.0
0.0
0.0
0.20367016275125147
0.0
0.0
0.0
0.7184360831036055
0.0
0.0
0.0
0.0
0.0
0.0
0.0
1.1490086754715507
0.0
1.2196004970337027
0.0
0.0
1.4406566029702148
0.0
0.0
0.0
0.035652585496028025
0.0
0.0
0.0
0.6185271227610892
0.2075756542180327
0.15614339098637908
0.0
0.0
0.0
0.0
0.02765596316178334
0.0
0.0
0.0
0.5577519427821173
0.0
0.0
0.0023952283382908824
0.0
0.0
0.0
0.0
0.1182224423058477
0.0
0.1077974500828514
0.0
0.0
0.24704752017141265
0.0
0.0
0.0
0.03257579514608426
0.0
0.0
0.0
0.09703393262631531
0.11997284493272138
0.0
0.0
0.0
0.0
0.0
0.026999420350615515
0.0
0.0
0.0
0.058867820422165096
0.0
0.0
0.003703099675476551
0.0
0.0
0.0
0.0
0.122406966984272
0.0
0.10917439311742783
0.0
0.0
0.12037908285856247
0.0
0.0
0.0
0.035166606307029724
0.0
0.0
0.0
0.03683976083993912
0.11913120746612549
0.0
0.0
0.0
0.0
0.0
0.02789963036775589
0.0
0.0
0.0
0.05927939713001251
0.0
0.0
0.003703099675476551
0.0
0.0
0.0
0.0
0.122406966984272
0.0
0.10917439311742783
0.0
0.0
0.12037908285856247
0.0
0.0
0.0
0.035166606307029724
0.0
0.0
0.0
0.03683976083993912
0.11913120746612549
0.0
0.0
0.0
0.0
0.0
0.02789963036775589
0.0
0.0
0.0
0.05927939713001251
0.0
0.0
0.003703099675476551
0.0
0.0
0.0
0.0
0.122406966984272
0.0
0.10917439311742783
0.0
0.0
0.12037908285856247
0.0
0.0
0.0
0.035166606307029724
0.0
0.0
0.0
0.03683976083993912
0.11913120746612549
0.0
0.0
0.0
0.0
0.0
0.02789963036775589
0.0
0.0
0.0
0.05927939713001251
0.0
0.0
0.003703099675476551
0.0
0.0
0.0
0.0
0.122406966984272
0.0
0.10917439311742783
0.0
0.0
0.12037908285856247
0.0
0.0
0.0
0.035166606307029724
0.0
0.0
0.0
0.03683976083993912
0.11913120746612549
0.0
0.0
0.0
0.0
0.0
0.02789963036775589
0.0
0.0
0.0
0.05927939713001251
0.0
0.0
0.003703099675476551
0.0
0.0
0.0
0.0
0.122406966984272
0.0
0.10917439311742783
0.0
0.0
0.12037908285856247
0.0
0.0
0.0
0.035166606307029724
0.0
0.0
0.0
0.03683976083993912
0.11913120746612549
0.0
0.0
0.0
0.0
0.0
0.02789963036775589
0.0
0.0
0.0
0.05927939713001251
0.0
0.0
0.003703099675476551
0.0
0.0
0.0
0.0
0.122406966984272
0.0
0.10917439311742783
0.0
0.0
0.12037908285856247
0.0
0.0
0.0
0.035166606307029724
0.0
0.0
0.0
0.03683976083993912
0.11913120746612549
0.0
0.0
0.0
0.0
0.0
0.02789963036775589
0.0
0.0
0.0
0.05927939713001251
0.0
0.0
0.003703099675476551
0.0
0.0
0.0
0.0
0.122406966984272
0.0
0.10917439311742783
0.0
0.0
0.12037908285856247
0.0
0.0
0.0
0.035166606307029724
0.0
0.0
0.0
0.03683976083993912
0.11913120746612549
0.0
0.0
0.0
0.0
0.0
0.02789963036775589
0.0
0.0
0.0
0.05927939713001251
0.0
0.0
0.18517609228033066
0.0
0.0
0.0
0.0
0.11929425705023403
0.0
0.10232812011358784
0.0
0.0
0.11884051862665836
0.0
0.0
0.0
0.03215241789950204
0.0
0.0
0.0
0.03338221430877799
1.011582334167963
0.0
0.0
0.0
0.0
0.0
0.15102262782416873
0.0
0.0
0.0
0.05952226242105312
0.0
0.0
0.13519775885974478
0.0
0.0
0.0
0.0
1.4209632546316797
0.0
0.5178079765851554
0.0
0.0
0.11119856254435054
0.0
0.0
0.0
0.4978965735989144
0.0
0.0
0.0
0.41823872358666037
0.9028031003369272
0.0
0.0
0.0
0.0025981400449595904
0.0
0.32439040191201646
0.0
0.0
0.0
0.7156453701423244
0.0
0.0
0.0
0.0
0.0
0.0
0.0
0.11008524280178415
0.0
0.4953277131670392
0.0
0.0
1.4430095348078027
0.0
0.0
0.0
0.022776401852595378
0.0
0.0
0.0
0.39282998057584767
0.11900821461350264
0.16966727248303975
0.0
0.0
0.014877730921166482
0.0
0.03716586090941906
0.0
0.0
0.0
0.16981313937034356
0.0
0.0
0.39840153161038
0.0
0.0
0.0
0.0
0.11137723205428497
0.0
0.08578189587604035
0.0
0.0
0.11043531225044645
0.0
0.0
0.0
0.20394085696421896
0.0
0.0
0.0
0.024462123021458313
1.3105162822860565
0.0
0.0
0.0
0.0038744570011747803
0.0
0.3667992653503247
0.0
0.0
0.0
0.48925268610565026
0.0
0.0
0.5845391413782992
0.0
0.0
0.0
0.0
1.4156960560889988
0.0
0.9699706893934704
0.0
0.0
0.10751045826073809
0.0
0.0
0.0
0.49320555427154483
0.0
0.0
0.0
0.5462658891413535
1.4077007691837007
0.0
0.0
0.0
0.0
0.0
0.41984959942127204
0.0
0.0
0.0
0.6814085974900153
0.0
0.0
0.010204076921588996
0.0
0.0
0.0
0.0
0.8069422869783297
0.0
1.3378536699230177
0.0
0.0
1.4409408832471087
0.0
0.0
0.0
0.3935583718348746
0.0
0.0
0.0
0.6058179892488448
0.11393064884366194
0.1459413745158636
0.0
0.0
0.0
0.0
0.05140731157471058
0.0
0.0
0.0
0.6744029351753781
0.0
0.0
0.0
0.0
0.0
0.0
0.0
0.1137270763826867
0.0
0.1667587082278367
0.0
0.0
1.1173743091140165
0.0
0.0
0.0
0.025398927234517248
0.0
0.0
0.0
0.03299740862858016
0.12058772257593113
0.0
0.0
0.0
0.0
0.0
0.026639466178184034
0.0
0.0
0.0
0.06092043627360516
0.0
0.0
0.003703099675476551
0.0
0.0
0.0
0.0
0.122406966984272
0.0
0.10917439311742783
0.0
0.0
0.12037908285856247
0.0
0.0
0.0
0.035166606307029724
0.0
0.0
0.0
0.03683976083993912
0.11913120746612549
0.0
0.0
0.0
0.0
0.0
0.02789963036775589
0.0
0.0
0.0
0.05927939713001251
0.0
0.0
0.003703099675476551
0.0
0.0
0.0
0.0
0.122406966984272
0.0
0.10917439311742783
0.0
0.0
0.12037908285856247
0.0
0.0
0.0
0.035166606307029724
0.0
0.0
0.0
0.03683976083993912
0.11913120746612549
0.0
0.0
0.0
0.0
0.0
0.02789963036775589
0.0
0.0
0.0
0.05927939713001251
0.0
0.0
0.003703099675476551
0.0
0.0
0.0
0.0
0.122406966984272
0.0
0.10917439311742783
0.0
0.0
0.12037908285856247
0.0
0.0
0.0
0.035166606307029724
0.0
0.0
0.0
0.03683976083993912
0.11913120746612549
0.0
0.0
0.0
0.0
0.0
0.02789963036775589
0.0
0.0
0.0
0.05927939713001251
0.0
0.0
0.003703099675476551
0.0
0.0
0.0
0.0
0.122406966984272
0.0
0.10917439311742783
0.0
0.0
0.12037908285856247
0.0
0.0
0.0
0.035166606307029724
0.0
0.0
0.0
0.03683976083993912
0.11913120746612549
0.0
0.0
0.0
0.0
0.0
0.02789963036775589
0.0
0.0
0.0
0.05927939713001251
0.0
0.0
0.003703099675476551
0.0
0.0
0.0
0.0
0.122406966984272
0.0
0.10917439311742783
0.0
0.0
0.12037908285856247
0.0
0.0
0.0
0.035166606307029724
0.0
0.0
0.0
0.03683976083993912
0.11913120746612549
0.0
0.0
0.0
0.0
0.0
0.02789963036775589
0.0
0.0
0.0
0.05927939713001251
0.0
0.0
0.003703099675476551
0.0
0.0
0.0
0.0
0.122406966984272
0.0
0.10917439311742783
0.0
0.0
0.12037908285856247
0.0
0.0
0.0
0.035166606307029724
0.0
0.0
0.0
0.03683976083993912
0.11913120746612549
0.0
0.0
0.0
0.0
0.0
0.02789963036775589
0.0
0.0
0.0
0.05927939713001251
0.0
0.0
0.003703099675476551
0.0
0.0
0.0
0.0
0.122406966984272
0.0
0.10917439311742783
0.0
0.0
0.12037908285856247
0.0
0.0
0.0
0.035166606307029724
0.0
0.0
0.0
0.03683976083993912
0.11913120746612549
0.0
0.0
0.0
0.0
0.0
0.02789963036775589
0.0
0.0
0.0
0.05927939713001251
0.0
0.0
0.22852950684507106
0.0
0.0
0.0
0.0
0.1179950423346942
0.0
0.1043195248325812
0.0
0.0
0.1185299691808063
0.0
0.0
0.0
0.03453850167205411
0.0
0.0
0.0
0.03386444129231249
0.21037923774097625
0.0
0.0
0.0
0.0
0.0
0.3004897036653597
0.0
0.0
0.0
0.0597086667279512
0.0
0.0
0.47149874605797676
0.0
0.0
0.012495905922397132
0.0
1.3379088805554726
0.0
0.5184747571248891
0.0
0.0
0.11545636796109451
0.0
0.0
0.0
0.4937270769073318
0.0
0.0
0.0
0.054119009716326695
1.4077119147324566
0.0
0.0
0.0
0.0
0.0
0.26432416825675104
0.0
0.0
0.030701212181399373
0.23955472819358747
0.0
0.0
0.1311576772662389
0.0
0.09307004449450795
0.0
0.0
1.4198414388669693
0.0
1.101679856317145
0.0
0.0
1.4418730284014316
0.0
0.0
0.0
0.019927140354754076
0.0
0.0
0.0
0.605538741506918
1.4065746742723553
0.01816330656675197
0.0
0.0
0.03868088043744533
0.0
0.027998860352860956
0.0
0.0
0.0
0.722460751508091
0.0
0.0
0.6464993176742698
0.0
0.0
0.0
0.0
1.4234739698766383
0.0
0.5061188146777853
0.0
0.0
0.31944924181226786
0.0
0.0
0.0
0.035353193750922274
0.0
0.0
0.0
0.6354425154811978
1.0581979820758731
0.0868800594179216
0.0
0.0
0.0
0.0
0.39406075721307576
0.0
0.0
0.0
0.4402282355163776
0.0
0.0
0.6212782809233485
0.0
0.0
0.0
0.0
0.2887413647555399
0.0
1.3242233058328137
0.0
0.0
0.9888432635272872
0.0
0.0
0.0
0.4930576572014366
0.0
0.0
0.0
0.4509744213176828
1.219492850914899
0.0
0.0
0.0
0.0
0.0
0.4186208364769318
0.0
0.0
0.19088606019276105
0.062139752617461935
0.0
0.0
0.035337276115879994
0.0
0.0
0.005914721028267622
0.0
1.4177419640461677
0.0
1.336556361986133
0.0
0.0
1.3579312202917848
0.0
0.0
0.0
0.2745563578362207
0.0
0.0
0.0
0.491880691066834
0.8897868959410642
0.0
0.0
0.0
0.050858713093547
0.0
0.02550843714073862
0.0
0.0
0.0
0.7188758853386389
0.0
0.0
0.0002858167870869563
0.0
0.0
0.0
0.0
0.11520029880362107
0.0
0.3105473572029915
0.0
0.0
1.348487520817777
0.0
0.0
0.0
0.026157533313580287
0.0
0.0
0.0
0.3964845507565199
0.11842906144276426
0.21971376022825012
0.0
0.0
0.0
0.0
0.02691900510902747
0.0
0.0
0.0
0.15613235682192006
0.0
0.0
0.0033139816540129043
0.0
0.0
0.0
0.0
0.12215051036693302
0.0
0.10853857109688368
0.0
0.0
0.11972311990992988
0.0
0.0
0.0
0.03493341581905078
0.0
0.0
0.0
0.03683368434070087
0.11915939733701046
0.0
0.0
0.0
0.0
0.0
0.027725126687893828
0.0
0.0
0.0
0.059359606341732776
0.0
0.0
0.003703099675476551
0.0
0.0
0.0
0.0
0.122406966984272
0.0
0.10917439311742783
0.0
0.0
0.12037908285856247
0.0
0.0
0.0
0.035166606307029724
0.0
0.0
0.0
0.03683976083993912
0.11913120746612549
0.0
0.0
0.0
0.0
0.0
0.02789963036775589
0.0
0.0
0.0
0.05927939713001251
0.0
0.0
0.003703099675476551
0.0
0.0
0.0
0.0
0.122406966984272
0.0
0.10917439311742783
0.0
0.0
0.12037908285856247
0.0
0.0
0.0
0.035166606307029724
0.0
0.0
0.0
0.03683976083993912
0.11913120746612549
0.0
0.0
0.0
0.0
0.0
0.02789963036775589
0.0
0.0
0.0
0.05927939713001251
0.0
0.0
0.003703099675476551
0.0
0.0
0.0
0.0
0.122406966984272
0.0
0.10917439311742783
0.0
0.0
0.12037908285856247
0.0
0.0
0.0
0.035166606307029724
0.0
0.0
0.0
0.03683976083993912
0.11913120746612549
0.0
0.0
0.0
0.0
0.0
0.02789963036775589
0.0
0.0
0.0
0.05927939713001251
0.0
0.0
0.003703099675476551
0.0
0.0
0.0
0.0
0.122406966984272
0.0
0.10917439311742783
0.0
0.0
0.12037908285856247
0.0
0.0
0.0
0.035166606307029724
0.0
0.0
0.0
0.03683976083993912
0.11913120746612549
0.0
0.0
0.0
0.0
0.0
0.02789963036775589
0.0
0.0
0.0
0.05927939713001251
0.0
0.0
0.003703099675476551
0.0
0.0
0.0
0.0
0.122406966984272
0.0
0.10917439311742783
0.0
0.0
0.12037908285856247
0.0
0.0
0.0
0.035166606307029724
0.0
0.0
0.0
0.03683976083993912
0.11913120746612549
0.0
0.0
0.0
0.0
0.0
0.02789963036775589
0.0
0.0
0.0
0.05927939713001251
0.0
0.0
0.003703099675476551
0.0
0.0
0.0
0.0
0.122406966984272
0.0
0.10917439311742783
0.0
0.0
0.12037908285856247
0.0
0.0
0.0
0.035166606307029724
0.0
0.0
0.0
0.03683976083993912
0.11913120746612549
0.0
0.0
0.0
0.0
0.0
0.02789963036775589
0.0
0.0
0.0
0.05927939713001251
0.0
0.0
0.002331008290981545
0.0
0.0
0.0
0.0
0.12199645985794418
0.0
0.10885917876354036
0.0
0.0
0.12025625640526413
0.0
0.0
0.0
0.03520876670064514
0.0
0.0
0.0
0.03653593699940864
0.11896682991372312
0.0
0.0
0.0
0.0
0.0
0.0558651683085105
0.0
0.0
0.0
0.059346604022635696
0.0
0.0
0.6389611323053639
0.0
0.0
0.0
0.0
0.11177614202047242
0.0
0.10392252842384372
0.0
0.0
0.114662697769738
0.0
0.0
0.0
0.4641643925079182
0.0
0.0
0.0
0.026929002610838734
0.46543279014854216
0.0
0.0
0.0
0.0
0.0
0.41858751128208554
0.0
0.0
0.0
0.061418732308198276
0.0
0.0
0.6523992820943056
0.0
0.0
0.0
0.0
0.9231701894795669
0.0
1.271469943967246
0.0
0.0
0.4795365449182652
0.0
0.0
0.0
0.495889337108854
0.0
0.0
0.0
0.1569438442500541
0.8412300112075743
0.0
0.0
0.0
0.0
0.0
0.4182014904578454
0.0
0.0
0.15201649678706686
0.06348229482023539
0.0
0.0
0.0
0.0
0.0
0.0
0.0
0.16572367710143546
0.0
1.3503931520013688
0.0
0.0
1.461466092214116
0.0
0.0
0.0
0.48946812643176485
0.0
0.0
0.0
0.3351628232092195
0.1167881705389043
0.0
0.0
0.0
0.0
0.0
0.31034443234732634
0.0
0.0
0.010612854300359048
0.06182912168459392
0.0
0.0
0.3522546008450388
0.0
0.0
0.0
0.0
0.10997502030028651
0.0
0.1481322949603839
0.0
0.0
0.8813101136591285
0.0
0.0
0.0
0.09140413853673118
0.0
0.0
0.0
0.015288702351230598
0.16565141788684973
0.0
0.0
0.0
0.0
0.0
0.3622430072047328
0.0
0.0
0.0
0.060784997565354514
0.0
0.0
0.5099642332311145
0.0
0.0
0.040432513130865266
0.0
1.0120561774002899
0.0
0.7490529172204654
0.0
0.0
0.11736827178392559
0.0
0.0
0.0
0.4932712331519225
0.0
0.0
0.0
0.029590836420453234
1.4077636070531798
0.0
0.0
0.0
0.0
0.0
0.25960583263935694
0.0
0.0
0.07036180916406654
0.29011095005576043
0.0
0.0
0.0
0.0
0.0657589657515214
0.0
0.0
0.9455862166706984
0.0
1.1837354719371758
0.0
0.0
1.447508553402754
0.0
0.0
0.0
0.026441221896304483
0.0
0.0
0.0
0.6050638152417663
0.11507620519482503
0.20948271345690705
0.0
0.0
0.0
0.0
0.02831429216941401
0.0
0.0
0.0
0.6470446982545386
0.0
0.0
0.0017241283212891122
0.0
0.0
0.0
0.0
0.11798053618301363
0.0
0.1062263935014569
0.0
0.0
0.3021894018147506
0.0
0.0
0.0
0.0322833302524968
0.0
0.0
0.0
0.05084097142078498
0.1199334762086544
0.0
0.0
0.0
0.0
0.0
0.026772501947390778
0.0
0.0
0.0
0.05940707416254251
0.0
0.0
0.003703099675476551
0.0
0.0
0.0
0.0
0.122406966984272
0.0
0.10917439311742783
0.0
0.0
0.12037908285856247
0.0
0.0
0.0
0.035166606307029724
0.0
0.0
0.0
0.03683976083993912
0.11913120746612549
0.0
0.0
0.0
0.0
0.0
0.02789963036775589
0.0
0.0
0.0
0.05927939713001251
0.0
0.0
0.003703099675476551
0.0
0.0
0.0
0.0
0.122406966984272
0.0
0.10917439311742783
0.0
0.0
0.12037908285856247
0.0
0.0
0.0
0.035166606307029724
0.0
0.0
0.0
0.03683976083993912
0.11913120746612549
0.0
0.0
0.0
0.0
0.0
0.02789963036775589
0.0
0.0
0.0
0.05927939713001251
0.0
0.0
0.003703099675476551
0.0
0.0
0.0
0.0
0.122406966984272
0.0
0.10917439311742783
0.0
0.0
0.12037908285856247
0.0
0.0
0.0
0.035166606307029724
0.0
0.0
0.0
0.03683976083993912
0.11913120746612549
0.0
0.0
0.0
0.0
0.0
0.02789963036775589
0.0
0.0
0.0
0.05927939713001251
0.0
0.0
0.003703099675476551
0.0
0.0
0.0
0.0
0.122406966984272
0.0
0.10917439311742783
0.0
0.0
0.12037908285856247
0.0
0.0
0.0
0.035166606307029724
0.0
0.0
0.0
0.03683976083993912
0.11913120746612549
0.0
0.0
0.0
0.0
0.0
0.02789963036775589
0.0
0.0
0.0
0.05927939713001251
0.0
0.0
0.003703099675476551
0.0
0.0
0.0
0.0
0.122406966984272
0.0
0.10917439311742783
0.0
0.0
0.12037908285856247
0.0
0.0
0.0
0.035166606307029724
0.0
0.0
0.0
0.03683976083993912
0.11913120746612549
0.0
0.0
0.0
0.0
0.0
0.02789963036775589
0.0
0.0
0.0
0.05927939713001251
0.0
0.0
0.003703099675476551
0.0
0.0
0.0
0.0
0.122406966984272
0.0
0.10917439311742783
0.0
0.0
0.12037908285856247
0.0
0.0
0.0
0.035166606307029724
0.0
0.0
0.0
0.03683976083993912
0.11913120746612549
0.0
0.0
0.0
0.0
0.0
0.02789963036775589
0.0
0.0
0.0
0.05927939713001251
0.0
0.0
0.003703099675476551
0.0
0.0
0.0
0.0
0.122406966984272
0.0
0.10917439311742783
0.0
0.0
0.12037908285856247
0.0
0.0
0.0
0.035166606307029724
0.0
0.0
0.0
0.03683976083993912
0.11913120746612549
0.0
0.0
0.0
0.0
0.0
0.02789963036775589
0.0
0.0
0.0
0.05927939713001251
0.0
0.0
0.0
0.0
0.0
0.0
0.0
0.12085616228481134
0.0
0.10798358333607515
0.0
0.0
0.11991507181276878
0.0
0.0
0.0
0.03532587890513241
0.0
0.0
0.0
0.03569198188682397
0.11851022560149431
0.0
0.0
0.0
0.0
0.0
0.13354721814393997
0.0
0.0
0.0
0.05953328983547787
0.0
0.0
0.0
0.0
0.0
0.0
0.0
0.11506751553502445
0.0
0.10888130371824054
0.0
0.0
0.11911426414644309
0.0
0.0
0.0
0.32007578455742597
0.0
0.0
0.0
0.03050521031460341
0.11742062696470312
0.0
0.0
0.0
0.0
0.0
0.2449415749742412
0.0
0.0
0.0
0.06106283999157741
0.0
0.0
0.0
0.0
0.0
0.0
0.0
0.1204347263172488
0.0
0.1120259295532699
0.0
0.0
0.12604225228595384
0.0
0.0
0.0
0.05388179123538601
0.0
0.0
0.0
0.030600722778734622
0.11926575298455325
0.0
0.0
0.0
0.0
0.0
0.026341563268557792
0.0
0.0
0.0
0.05982219655724133
0.0
0.0
0.002776490119011963
0.0
0.0
0.0
0.0
0.12214486057157903
0.0
0.10905837747816216
0.0
0.0
0.12056443744119914
0.0
0.0
0.0
0.03495434109080473
0.0
0.0
0.0
0.036392588349168795
0.11906705284354221
0.0
0.0
0.0
0.0
0.0
0.041884569222148615
0.0
0.0
0.0
0.059332967731033394
0.0
0.0
0.6470553898462551
0.0
0.0
0.0
0.0
0.12361155451531065
0.0
0.10161903053750375
0.0
0.0
0.11474559729571875
0.0
0.0
0.0
0.3501365968482752
0.0
0.0
0.0
0.0267647886385413
0.9651700781750169
0.0
0.0
0.0
0.0
0.0
0.4198404284074843
0.0
0.0
0.0
0.061025954542827665
0.0
0.0
0.0
0.0
0.0
0.026678356820461713
0.0
1.4186526586753592
0.0
1.3294313553695603
0.0
0.0
0.5816217721983168
0.0
0.0
0.0
0.3252752227035315
0.0
0.0
0.0
0.38215694819747087
0.7573810785733774
0.0
0.0
0.0
0.1048533830981172
0.0
0.024544131716995217
0.0
0.0
0.0
0.6934185033707478
0.0
0.0
0.0
0.0
0.0
0.0
0.0
0.11548381019383669
0.0
0.19314073981265262
0.0
0.0
1.2958115306573317
0.0
0.0
0.0
0.02553972125572139
0.0
0.0
0.0
0.33752151217327886
0.11832075635137895
0.27928157122514674
0.0
0.0
0.0
0.0
0.02674450237578176
0.0
0.0
0.0
0.16491072352258854
0.0
0.0
0.003280628680744592
0.0
0.0
0.0
0.0
0.1221285283711611
0.0
0.10848407206655133
0.0
0.0
0.1196668945143328
0.0
0.0
0.0
0.0349134280629383
0.0
0.0
0.0
0.036833163497909015
0.11916181361165774
0.0
0.0
0.0
0.0
0.0
0.027710169229619934
0.0
0.0
0.0
0.05936648141702308
0.0
0.0
0.003703099675476551
0.0
0.0
0.0
0.0
0.122406966984272
0.0
0.10917439311742783
0.0
0.0
0.12037908285856247
0.0
0.0
0.0
0.035166606307029724
0.0
0.0
0.0
0.03683976083993912
0.11913120746612549
0.0
0.0
0.0
0.0
0.0
0.02789963036775589
0.0
0.0
0.0
0.05927939713001251
0.0
0.0
0.003703099675476551
0.0
0.0
0.0
0.0
0.122406966984272
0.0
0.10917439311742783
0.0
0.0
0.12037908285856247
0.0
0.0
0.0
0.035166606307029724
0.0
0.0
0.0
0.03683976083993912
0.11913120746612549
0.0
0.0
0.0
0.0
0.0
0.02789963036775589
0.0
0.0
0.0
0.05927939713001251
0.0
0.0
0.003703099675476551
0.0
0.0
0.0
0.0
0.122406966984272
0.0
0.10917439311742783
0.0
0.0
0.12037908285856247
0.0
0.0
0.0
0.035166606307029724
0.0
0.0
0.0
0.03683976083993912
0.11913120746612549
0.0
0.0
0.0
0.0
0.0
0.02789963036775589
0.0
0.0
0.0
0.05927939713001251
0.0
0.0
0.003703099675476551
0.0
0.0
0.0
0.0
0.122406966984272
0.0
0.10917439311742783
0.0
0.0
0.12037908285856247
0.0
0.0
0.0
0.035166606307029724
0.0
0.0
0.0
0.03683976083993912
0.11913120746612549
0.0
0.0
0.0
0.0
0.0
0.02789963036775589
0.0
0.0
0.0
0.05927939713001251
0.0
0.0
0.003703099675476551
0.0
0.0
0.0
0.0
0.122406966984272
0.0
0.10917439311742783
0.0
0.0
0.12037908285856247
0.0
0.0
0.0
0.035166606307029724
0.0
0.0
0.0
0.03683976083993912
0.11913120746612549
0.0
0.0
0.0
0.0
0.0
0.02789963036775589
0.0
0.0
0.0
0.05927939713001251
0.0
0.0
0.003703099675476551
0.0
0.0
0.0
0.0
0.122406966984272
0.0
0.10917439311742783
0.0
0.0
0.12037908285856247
0.0
0.0
0.0
0.035166606307029724
0.0
0.0
0.0
0.03683976083993912
0.11913120746612549
0.0
0.0
0.0
0.0
0.0
0.02789963036775589
0.0
0.0
0.0
0.05927939713001251
0.0
0.0
0.003703099675476551
0.0
0.0
0.0
0.0
0.122406966984272
0.0
0.10917439311742783
0.0
0.0
0.12037908285856247
0.0
0.0
0.0
0.035166606307029724
0.0
0.0
0.0
0.03683976083993912
0.11913120746612549
0.0
0.0
0.0
0.0
0.0
0.02789963036775589
0.0
0.0
0.0
0.05927939713001251
0.0
0.0
0.003703099675476551
0.0
0.0
0.0
0.0
0.122406966984272
0.0
0.10917439311742783
0.0
0.0
0.12037908285856247
0.0
0.0
0.0
0.035166606307029724
0.0
0.0
0.0
0.03683976083993912
0.11913120746612549
0.0
0.0
0.0
0.0
0.0
0.02789963036775589
0.0
0.0
0.0
0.05927939713001251
0.0
0.0
0.003703099675476551
0.0
0.0
0.0
0.0
0.122406966984272
0.0
0.10917439311742783
0.0
0.0
0.12037908285856247
0.0
0.0
0.0
0.035166606307029724
0.0
0.0
0.0
0.03683976083993912
0.11913120746612549
0.0
0.0
0.0
0.0
0.0
0.02789963036775589
0.0
0.0
0.0
0.05927939713001251
0.0
0.0
0.003703099675476551
0.0
0.0
0.0
0.0
0.122406966984272
0.0
0.10917439311742783
0.0
0.0
0.12037908285856247
0.0
0.0
0.0
0.035166606307029724
0.0
0.0
0.0
0.03683976083993912
0.11913120746612549
0.0
0.0
0.0
0.0
0.0
0.02789963036775589
0.0
0.0
0.0
0.05927939713001251
0.0
0.0
0.12635728874992505
0.0
0.0
0.0
0.0
0.118261340012153
0.0
0.10538198222661865
0.0
0.0
0.11883859292001409
0.0
0.0
0.0
0.03863326955047966
0.0
0.0
0.0
0.03401106403291444
0.11825140781024945
0.0
0.0
0.0
0.0
0.0
0.28614012132234434
0.0
0.0
0.0
0.05984474465698369
0.0
0.0
0.6055038238350557
0.0
0.0
0.01663390237144108
0.0
0.7053545274630225
0.0
0.33690230851655134
0.0
0.0
0.11580709695049068
0.0
0.0
0.0
0.4936119984091242
0.0
0.0
0.0
0.016430462754528977
1.4141706056659469
0.0
0.0
0.0
0.0
0.0
0.21934410957833544
0.0
0.0
0.11967997369904293
0.11791121200989366
0.0
0.0
0.0
0.0
0.11330066048174942
0.0
0.0
1.0029022270904893
0.0
1.3278829798780327
0.0
0.0
1.4006827826447348
0.0
0.0
0.0
0.026968322524072733
0.0
0.0
0.0
0.5996585344544905
0.16071408030008622
0.13708303407178135
0.0
0.0
0.0
0.0
0.029092046912253363
0.0
0.0
0.0
0.7178038879235471
0.0
0.0
0.0016019592745864179
0.0
0.0
0.0
0.0
0.11789326393319403
0.0
0.10527151733746423
0.0
0.0
0.31682445397600534
0.0
0.0
0.0
0.03204437586422964
0.0
0.0
0.0
0.07292026778104985
0.11973125669356509
0.0
0.0
0.0
0.0
0.0
0.02658413583606792
0.0
0.0
0.0
0.060429335924038916
0.0
0.0
0.003703099675476551
0.0
0.0
0.0
0.0
0.122406966984272
0.0
0.10917439311742783
0.0
0.0
0.12037908285856247
0.0
0.0
0.0
0.035166606307029724
0.0
0.0
0.0
0.03683976083993912
0.11913120746612549
0.0
0.0
0.0
0.0
0.0
0.02789963036775589
0.0
0.0
0.0
0.05927939713001251
0.0
0.0
0.003703099675476551
0.0
0.0
0.0
0.0
0.122406966984272
0.0
0.10917439311742783
0.0
0.0
0.12037908285856247
0.0
0.0
0.0
0.035166606307029724
0.0
0.0
0.0
0.03683976083993912
0.11913120746612549
0.0
0.0
0.0
0.0
0.0
0.02789963036775589
0.0
0.0
0.0
0.05927939713001251
0.0
0.0
0.003703099675476551
0.0
0.0
0.0
0.0
0.122406966984272
0.0
0.10917439311742783
0.0
0.0
0.12037908285856247
0.0
0.0
0.0
0.035166606307029724
0.0
0.0
0.0
0.03683976083993912
0.11913120746612549
0.0
0.0
0.0
0.0
0.0
0.02789963036775589
0.0
0.0
0.0
0.05927939713001251
0.0
0.0
0.003703099675476551
0.0
0.0
0.0
0.0
0.122406966984272
0.0
0.10917439311742783
0.0
0.0
0.12037908285856247
0.0
0.0
0.0
0.035166606307029724
0.0
0.0
0.0
0.03683976083993912
0.11913120746612549
0.0
0.0
0.0
0.0
0.0
0.02789963036775589
0.0
0.0
0.0
0.05927939713001251
0.0
0.0
0.003703099675476551
0.0
0.0
0.0
0.0
0.122406966984272
0.0
0.10917439311742783
0.0
0.0
0.12037908285856247
0.0
0.0
0.0
0.035166606307029724
0.0
0.0
0.0
0.03683976083993912
0.11913120746612549
0.0
0.0
0.0
0.0
0.0
0.02789963036775589
0.0
0.0
0.0
0.05927939713001251
0.0
0.0
0.003703099675476551
0.0
0.0
0.0
0.0
0.122406966984272
0.0
0.10917439311742783
0.0
0.0
0.12037908285856247
0.0
0.0
0.0
0.035166606307029724
0.0
0.0
0.0
0.03683976083993912
0.11913120746612549
0.0
0.0
0.0
0.0
0.0
0.02789963036775589
0.0
0.0
0.0
0.05927939713001251
0.0
0.0
0.003703099675476551
0.0
0.0
0.0
0.0
0.122406966984272
0.0
0.10917439311742783
0.0
0.0
0.12037908285856247
0.0
0.0
0.0
0.035166606307029724
0.0
0.0
0.0
0.03683976083993912
0.11913120746612549
0.0
0.0
0.0
0.0
0.0
0.02789963036775589
0.0
0.0
0.0
0.05927939713001251
0.0
0.0
0.003703099675476551
0.0
0.0
0.0
0.0
0.122406966984272
0.0
0.10917439311742783
0.0
0.0
0.12037908285856247
0.0
0.0
0.0
0.035166606307029724
0.0
0.0
0.0
0.03683976083993912
0.11913120746612549
0.0
0.0
0.0
0.0
0.0
0.02789963036775589
0.0
0.0
0.0
0.05927939713001251
0.0
0.0
0.003703099675476551
0.0
0.0
0.0
0.0
0.122406966984272
0.0
0.10917439311742783
0.0
0.0
0.12037908285856247
0.0
0.0
0.0
0.035166606307029724
0.0
0.0
0.0
0.03683976083993912
0.11913120746612549
0.0
0.0
0.0
0.0
0.0
0.02789963036775589
0.0
0.0
0.0
0.05927939713001251
0.0
0.0
0.003703099675476551
0.0
0.0
0.0
0.0
0.122406966984272
0.0
0.10917439311742783
0.0
0.0
0.12037908285856247
0.0
0.0
0.0
0.035166606307029724
0.0
0.0
0.0
0.03683976083993912
0.11913120746612549
0.0
0.0
0.0
0.0
0.0
0.02789963036775589
0.0
0.0
0.0
0.05927939713001251
0.0
0.0
0.003703099675476551
0.0
0.0
0.0
0.0
0.122406966984272
0.0
0.10917439311742783
0.0
0.0
0.12037908285856247
0.0
0.0
0.0
0.035166606307029724
0.0
0.0
0.0
0.03683976083993912
0.11913120746612549
0.0
0.0
0.0
0.0
0.0
0.02789963036775589
0.0
0.0
0.0
0.05927939713001251
0.0
0.0
0.5890752319027395
0.0
0.0
0.0
0.0
0.1133223740849644
0.0
0.10189690463126216
0.0
0.0
0.11577454826785434
0.0
0.0
0.0
0.24116091164166803
0.0
0.0
0.0
0.030138222680840293
0.2721448790606148
0.0
0.0
0.0
0.0
0.0
0.42221001724954516
0.0
0.0
0.0
0.060636875672293276
0.0
0.0
0.04087841687675486
0.0
0.0
0.1259427912243386
0.0
1.4233875004419438
0.0
1.1581184564315827
0.0
0.0
0.2319568346674536
0.0
0.0
0.0
0.3475493984052674
0.0
0.0
0.0
0.07343429415435393
0.9575106085870443
0.0
0.0
0.0
0.05485705845731348
0.0
0.03809667918391699
0.0
0.0
0.021702355940314944
0.5406452718546372
0.0
0.0
6.787780091376417e-05
0.0
0.0
0.0
0.0
0.11542268723349872
0.0
0.3312285548002989
0.0
0.0
1.4438739953635664
0.0
0.0
0.0
0.025612548172505866
0.0
0.0
0.0
0.42453312744861854
0.11818353896544032
0.2854461296411304
0.0
0.0
0.0
0.0
0.02721458229315627
0.0
0.0
0.0
0.1746972618796908
0.0
0.0
0.0032361580497201753
0.0
0.0
0.0
0.0
0.12209921904346523
0.0
0.10841140669277485
0.0
0.0
0.11959192732020336
0.0
0.0
0.0
0.034886777721454994
0.0
0.0
0.0
0.036832469040853216
0.11916503531118745
0.0
0.0
0.0
0.0
0.0
0.027690225951921416
0.0
0.0
0.0
0.059375648184076826
0.0
0.0
0.003703099675476551
0.0
0.0
0.0
0.0
0.122406966984272
0.0
0.10917439311742783
0.0
0.0
0.12037908285856247
0.0
0.0
0.0
0.035166606307029724
0.0
0.0
0.0
0.03683976083993912
0.11913120746612549
0.0
0.0
0.0
0.0
0.0
0.02789963036775589
0.0
0.0
0.0
0.05927939713001251
0.0
0.0
0.003703099675476551
0.0
0.0
0.0
0.0
0.122406966984272
0.0
0.10917439311742783
0.0
0.0
0.12037908285856247
0.0
0.0
0.0
0.035166606307029724
0.0
0.0
0.0
0.03683976083993912
0.11913120746612549
0.0
0.0
0.0
0.0
0.0
0.02789963036775589
0.0
0.0
0.0
0.05927939713001251
0.0
0.0
0.003703099675476551
0.0
0.0
0.0
0.0
0.122406966984272
0.0
0.10917439311742783
0.0
0.0
0.12037908285856247
0.0
0.0
0.0
0.035166606307029724
0.0
0.0
0.0
0.03683976083993912
0.11913120746612549
0.0
0.0
0.0
0.0
0.0
0.02789963036775589
0.0
0.0
0.0
0.05927939713001251
0.0
0.0
0.003703099675476551
0.0
0.0
0.0
0.0
0.122406966984272
0.0
0.10917439311742783
0.0
0.0
0.12037908285856247
0.0
0.0
0.0
0.035166606307029724
0.0
0.0
0.0
0.03683976083993912
0.11913120746612549
0.0
0.0
0.0
0.0
0.0
0.02789963036775589
0.0
0.0
0.0
0.05927939713001251
0.0
0.0
0.003703099675476551
0.0
0.0
0.0
0.0
0.122406966984272
0.0
0.10917439311742783
0.0
0.0
0.12037908285856247
0.0
0.0
0.0
0.035166606307029724
0.0
0.0
0.0
0.03683976083993912
0.11913120746612549
0.0
0.0
0.0
0.0
0.0
0.02789963036775589
0.0
0.0
0.0
0.05927939713001251
0.0
0.0
0.003703099675476551
0.0
0.0
0.0
0.0
0.122406966984272
0.0
0.10917439311742783
0.0
0.0
0.12037908285856247
0.0
0.0
0.0
0.035166606307029724
0.0
0.0
0.0
0.03683976083993912
0.11913120746612549
0.0
0.0
0.0
0.0
0.0
0.02789963036775589
0.0
0.0
0.0
0.05927939713001251
0.0
0.0
0.003703099675476551
0.0
0.0
0.0
0.0
0.122406966984272
0.0
0.10917439311742783
0.0
0.0
0.12037908285856247
0.0
0.0
0.0
0.035166606307029724
0.0
0.0
0.0
0.03683976083993912
0.11913120746612549
0.0
0.0
0.0
0.0
0.0
0.02789963036775589
0.0
0.0
0.0
0.05927939713001251
0.0
0.0
0.003703099675476551
0.0
0.0
0.0
0.0
0.122406966984272
0.0
0.10917439311742783
0.0
0.0
0.12037908285856247
0.0
0.0
0.0
0.035166606307029724
0.0
0.0
0.0
0.03683976083993912
0.11913120746612549
0.0
0.0
0.0
0.0
0.0
0.02789963036775589
0.0
0.0
0.0
0.05927939713001251
0.0
0.0
0.003703099675476551
0.0
0.0
0.0
0.0
0.122406966984272
0.0
0.10917439311742783
0.0
0.0
0.12037908285856247
0.0
0.0
0.0
0.035166606307029724
0.0
0.0
0.0
0.03683976083993912
0.11913120746612549
0.0
0.0
0.0
0.0
0.0
0.02789963036775589
0.0
0.0
0.0
0.05927939713001251
0.0
0.0
0.003703099675476551
0.0
0.0
0.0
0.0
0.122406966984272
0.0
0.10917439311742783
0.0
0.0
0.12037908285856247
0.0
0.0
0.0
0.035166606307029724
0.0
0.0
0.0
0.03683976083993912
0.11913120746612549
0.0
0.0
0.0
0.0
0.0
0.02789963036775589
0.0
0.0
0.0
0.05927939713001251
0.0
0.0
0.0014162807013182077
0.0
0.0
0.0
0.0
0.1217227884403923
0.0
0.1086490358609487
0.0
0.0
0.12017437210306525
0.0
0.0
0.0
0.03523687362972209
0.0
0.0
0.0
0.036333387772388315
0.11885724487878821
0.0
0.0
0.0
0.0
0.0
0.07450886026901357
0.0
0.0
0.0
0.059391408617717814
0.0
0.0
0.620466203398674
0.0
0.0
0.0
0.0
0.18969383085530034
0.0
0.10818158147272233
0.0
0.0
0.11514337494348487
0.0
0.0
0.0
0.4967325003144295
0.0
0.0
0.0
0.025998699231479572
1.2551325915666645
0.0
0.0
0.0
0.0
0.0
0.2821256968490072
0.0
0.0
0.08026929925214132
0.060748762893947025
0.0
0.0
0.0
0.0
0.0
0.0
0.0
0.5185204124000544
0.0
1.2992413280901556
0.0
0.0
1.1009105356464928
0.0
0.0
0.0
0.03126626663599346
0.0
0.0
0.0
0.5234159381119716
0.11844059236367079
0.0
0.0
0.0
0.0
0.0
0.028152517775414904
0.0
0.0
0.0
0.06064677102292669
0.0
0.0
0.00394727890533806
0.0
0.0
0.0
0.0
0.12047183326281169
0.0
0.11049324059037163
0.0
0.0
0.34114369191229343
0.0
0.0
0.0
0.03400036655366421
0.0
0.0
0.0
0.04197198858155924
0.11961168962092522
0.0
0.0
0.0
0.0
0.0
0.027930455606667022
0.0
0.0
0.0
0.05879098282928359
0.0
0.0
0.003703099675476551
0.0
0.0
0.0
0.0
0.122406966984272
0.0
0.10917439311742783
0.0
0.0
0.12037908285856247
0.0
0.0
0.0
0.035166606307029724
0.0
0.0
0.0
0.03683976083993912
0.11913120746612549
0.0
0.0
0.0
0.0
0.0
0.02789963036775589
0.0
0.0
0.0
0.05927939713001251
0.0
0.0
0.003703099675476551
0.0
0.0
0.0
0.0
0.122406966984272
0.0
0.10917439311742783
0.0
0.0
0.12037908285856247
0.0
0.0
0.0
0.035166606307029724
0.0
0.0
0.0
0.03683976083993912
0.11913120746612549
0.0
0.0
0.0
0.0
0.0
0.02789963036775589
0.0
0.0
0.0
0.05927939713001251
0.0
0.0
0.003703099675476551
0.0
0.0
0.0
0.0
0.122406966984272
0.0
0.10917439311742783
0.0
0.0
0.12037908285856247
0.0
0.0
0.0
0.035166606307029724
0.0
0.0
0.0
0.03683976083993912
0.11913120746612549
0.0
0.0
0.0
0.0
0.0
0.02789963036775589
0.0
0.0
0.0
0.05927939713001251
0.0
0.0
0.003703099675476551
0.0
0.0
0.0
0.0
0.122406966984272
0.0
0.10917439311742783
0.0
0.0
0.12037908285856247
0.0
0.0
0.0
0.035166606307029724
0.0
0.0
0.0
0.03683976083993912
0.11913120746612549
0.0
0.0
0.0
0.0
0.0
0.02789963036775589
0.0
0.0
0.0
0.05927939713001251
0.0
0.0
0.003703099675476551
0.0
0.0
0.0
0.0
0.122406966984272
0.0
0.10917439311742783
0.0
0.0
0.12037908285856247
0.0
0.0
0.0
0.035166606307029724
0.0
0.0
0.0
0.03683976083993912
0.11913120746612549
0.0
0.0
0.0
0.0
0.0
0.02789963036775589
0.0
0.0
0.0
0.05927939713001251
0.0
0.0
0.003703099675476551
0.0
0.0
0.0
0.0
0.122406966984272
0.0
0.10917439311742783
0.0
0.0
0.12037908285856247
0.0
0.0
0.0
0.035166606307029724
0.0
0.0
0.0
0.03683976083993912
0.11913120746612549
0.0
0.0
0.0
0.0
0.0
0.02789963036775589
0.0
0.0
0.0
0.05927939713001251
0.0
0.0
0.003703099675476551
0.0
0.0
0.0
0.0
0.122406966984272
0.0
0.10917439311742783
0.0
0.0
0.12037908285856247
0.0
0.0
0.0
0.035166606307029724
0.0
0.0
0.0
0.03683976083993912
0.11913120746612549
0.0
0.0
0.0
0.0
0.0
0.02789963036775589
0.0
0.0
0.0
0.05927939713001251
0.0
0.0
0.003703099675476551
0.0
0.0
0.0
0.0
0.122406966984272
0.0
0.10917439311742783
0.0
0.0
0.12037908285856247
0.0
0.0
0.0
0.035166606307029724
0.0
0.0
0.0
0.03683976083993912
0.11913120746612549
0.0
0.0
0.0
0.0
0.0
0.02789963036775589
0.0
0.0
0.0
0.05927939713001251
0.0
0.0
0.003703099675476551
0.0
0.0
0.0
0.0
0.122406966984272
0.0
0.10917439311742783
0.0
0.0
0.12037908285856247
0.0
0.0
0.0
0.035166606307029724
0.0
0.0
0.0
0.03683976083993912
0.11913120746612549
0.0
0.0
0.0
0.0
0.0
0.02789963036775589
0.0
0.0
0.0
0.05927939713001251
0.0
0.0
0.003703099675476551
0.0
0.0
0.0
0.0
0.122406966984272
0.0
0.10917439311742783
0.0
0.0
0.12037908285856247
0.0
0.0
0.0
0.035166606307029724
0.0
0.0
0.0
0.03683976083993912
0.11913120746612549
0.0
0.0
0.0
0.0
0.0
0.02789963036775589
0.0
0.0
0.0
0.05927939713001251
0.0
0.0
0.003703099675476551
0.0
0.0
0.0
0.0
0.122406966984272
0.0
0.10917439311742783
0.0
0.0
0.12037908285856247
0.0
0.0
0.0
0.035166606307029724
0.0
0.0
0.0
0.03683976083993912
0.11913120746612549
0.0
0.0
0.0
0.0
0.0
0.02789963036775589
0.0
0.0
0.0
0.05927939713001251
0.0
0.0
0.0
0.0
0.0
0.0
0.0
0.11699802708793797
0.0
0.10536949437422057
0.0
0.0
0.1187238961649949
0.0
0.0
0.0
0.060896904407954755
0.0
0.0
0.0
0.03281718209276305
0.11706123151907734
0.0
0.0
0.0
0.0
0.0
0.37410270240815247
0.0
0.0
0.0
0.06021493018545466
0.0
0.0
0.0
0.0
0.0
0.0
0.0
0.11905325937002678
0.0
0.11326465641340132
0.0
0.0
0.12389397384489284
0.0
0.0
0.0
0.17562263663926655
0.0
0.0
0.0
0.031710116867450816
0.11884900746124057
0.0
0.0
0.0
0.0
0.0
0.02431665316946558
0.0
0.0
0.0
0.06017710042754462
0.0
0.0
0.0021394345580654983
0.0
0.0
0.0
0.0
0.12203742346233305
0.0
0.10944473811233525
0.0
0.0
0.12198307361892041
0.0
0.0
0.0
0.03364986112231717
0.0
0.0
0.0
0.03492056713165606
0.11924842946464195
0.0
0.0
0.0
0.0
0.0
0.027913734613856135
0.0
0.0
0.0
0.05940918363562292
0.0
0.0
0.003703099675476551
0.0
0.0
0.0
0.0
0.122406966984272
0.0
0.10917439311742783
0.0
0.0
0.12037908285856247
0.0
0.0
0.0
0.035166606307029724
0.0
0.0
0.0
0.03683976083993912
0.11913120746612549
0.0
0.0
0.0
0.0
0.0
0.02789963036775589
0.0
0.0
0.0
0.05927939713001251
0.0
0.0
