0.6223174375190865
0.0
0.0
0.0
0.0
1.4401942786062136
0.0
1.3231466450961307
0.0
0.0
0.10956827527843416
0.0
0.0
0.0
0.038611126226896886
0.0
0.0
0.0
0.6063186667815899
1.4151143467315705
0.0608101945836097
0.0
0.0
0.0
0.0
0.03176576020632638
0.0
0.0
0.08787496015429497
0.7237593301106244
0.0
0.0
0.6202406772281392
0.0
0.0
0.0
0.0
1.4294470717431977
0.0
1.3250600835308433
0.0
0.0
1.439245047280565
0.0
0.0
0.0
0.03074459124036366
0.0
0.0
0.0
0.6156635069164622
1.4173978123726556
0.0
0.0
0.0
0.009021527337608859
0.0
0.030640311259048758
0.0
0.0
0.10879304830450565
0.7228298692643875
0.0
0.0
0.6202406772281392
0.0
0.0
0.0
0.0
1.4294470717431977
0.0
1.3250600835308433
0.0
0.0
1.439245047280565
0.0
0.0
0.0
0.03074459124036366
0.0
0.0
0.0
0.6156635069164622
1.4173978123726556
0.0
0.0
0.0
0.009021527337608859
0.0
0.030640311259048758
0.0
0.0
0.10879304830450565
0.7228298692643875
0.0
0.0
0.6202406772281392
0.0
0.0
0.0
0.0
1.4294470717431977
0.0
1.3250600835308433
0.0
0.0
1.439245047280565
0.0
0.0
0.0
0.03074459124036366
0.0
0.0
0.0
0.6156635069164622
1.4173978123726556
0.0
0.0
0.0
0.009021527337608859
0.0
0.030640311259048758
0.0
0.0
0.10879304830450565
0.7228298692643875
0.0
0.0
0.6202406772281392
0.0
0.0
0.0
0.0
1.4294470717431977
0.0
1.3250600835308433
0.0
0.0
1.439245047280565
0.0
0.0
0.0
0.03074459124036366
0.0
0.0
0.0
0.6156635069164622
1.4173978123726556
0.0
0.0
0.0
0.009021527337608859
0.0
0.030640311259048758
0.0
0.0
0.10879304830450565
0.7228298692643875
0.0
0.0
0.6202406772281392
0.0
0.0
0.0
0.0
1.4294470717431977
0.0
1.3250600835308433
0.0
0.0
1.439245047280565
0.0
0.0
0.0
0.03074459124036366
0.0
0.0
0.0
0.6156635069164622
1.4173978123726556
0.0
0.0
0.0
0.009021527337608859
0.0
0.030640311259048758
0.0
0.0
0.10879304830450565
0.7228298692643875
0.0
0.0
0.6202406772281392
0.0
0.0
0.0
0.0
1.4294470717431977
0.0
1.3250600835308433
0.0
0.0
1.439245047280565
0.0
0.0
0.0
0.03074459124036366
0.0
0.0
0.0
0.6156635069164622
1.4173978123726556
0.0
0.0
0.0
0.009021527337608859
0.0
0.030640311259048758
0.0
0.0
0.10879304830450565
0.7228298692643875
0.0
0.0
0.6202406772281392
0.0
0.0
0.0
0.0
1.4294470717431977
0.0
1.3250600835308433
0.0
0.0
1.439245047280565
0.0
0.0
0.0
0.03074459124036366
0.0
0.0
0.0
0.6156635069164622
1.4173978123726556
0.0
0.0
0.0
0.009021527337608859
0.0
0.030640311259048758
0.0
0.0
0.10879304830450565
0.7228298692643875
0.0
0.0
0.6202406772281392
0.0
0.0
0.0
0.0
1.4294470717431977
0.0
1.3250600835308433
0.0
0.0
1.439245047280565
0.0
0.0
0.0
0.03074459124036366
0.0
0.0
0.0
0.6156635069164622
1.4173978123726556
0.0
0.0
0.0
0.009021527337608859
0.0
0.030640311259048758
0.0
0.0
0.10879304830450565
0.7228298692643875
0.0
0.0
0.6202406772281392
0.0
0.0
0.0
0.0
1.4294470717431977
0.0
1.3250600835308433
0.0
0.0
1.439245047280565
0.0
0.0
0.0
0.03074459124036366
0.0
0.0
0.0
0.6156635069164622
1.4173978123726556
0.0
0.0
0.0
0.009021527337608859
0.0
0.030640311259048758
0.0
0.0
0.10879304830450565
0.7228298692643875
0.0
0.0
0.6202406772281392
0.0
0.0
0.0
0.0
1.4294470717431977
0.0
1.3250600835308433
0.0
0.0
1.439245047280565
0.0
0.0
0.0
0.03074459124036366
0.0
0.0
0.0
0.6156635069164622
1.4173978123726556
0.0
0.0
0.0
0.009021527337608859
0.0
0.030640311259048758
0.0
0.0
0.10879304830450565
0.7228298692643875
0.0
0.0
0.6202406772281392
0.0
0.0
0.0
0.0
1.4294470717431977
0.0
1.3250600835308433
0.0
0.0
1.439245047280565
0.0
0.0
0.0
0.03074459124036366
0.0
0.0
0.0
0.6156635069164622
1.4173978123726556
0.0
0.0
0.0
0.009021527337608859
0.0
0.030640311259048758
0.0
0.0
0.10879304830450565
0.7228298692643875
0.0
0.0
0.6202406772281392
0.0
0.0
0.0
0.0
1.4294470717431977
0.0
1.3250600835308433
0.0
0.0
1.439245047280565
0.0
0.0
0.0
0.03074459124036366
0.0
0.0
0.0
0.6156635069164622
1.4173978123726556
0.0
0.0
0.0
0.009021527337608859
0.0
0.030640311259048758
0.0
0.0
0.10879304830450565
0.7228298692643875
0.0
0.0
0.00041708358185132965
0.0
0.0
0.0
0.0
1.4354031237307936
0.0
1.3386451504193246
0.0
0.0
1.4428160092793405
0.0
0.0
0.0
0.038758160757424776
0.0
0.0
0.0
0.6213797423442884
0.11340581790136639
0.11531988123897463
0.0
0.0
0.0
0.0
0.030003290110471426
0.0
0.0
0.1203041459666565
0.721514824181213
0.0
0.0
0.5896153342619073
0.0
0.0
0.0
0.0
1.426791722420603
0.0
1.324490207945928
0.0
0.0
0.10993716539815068
0.0
0.0
0.0
0.49867825312685454
0.0
0.0
0.0
0.5934806884688442
1.4120419124374166
0.0483579637366347
0.0
0.0
0.0
0.0
0.4207782974044676
0.0
0.0
0.0
0.7269301641208585
0.0
0.0
0.5824265918563469
0.0
0.0
0.0
0.0
1.4148363925050944
0.0
1.3272874665562995
0.0
0.0
1.4448577533476055
0.0
0.0
0.0
0.48585312811337644
0.0
0.0
0.0
0.5965512414804834
1.4147086038428824
0.0
0.0
0.0
0.0
0.0
0.4196989584925177
0.0
0.0
0.0
0.7264250053121941
0.0
0.0
0.5824265918563469
0.0
0.0
0.0
0.0
1.4148363925050944
0.0
1.3272874665562995
0.0
0.0
1.4448577533476055
0.0
0.0
0.0
0.48585312811337644
0.0
0.0
0.0
0.5965512414804834
1.4147086038428824
0.0
0.0
0.0
0.0
0.0
0.4196989584925177
0.0
0.0
0.0
0.7264250053121941
0.0
0.0
0.5824265918563469
0.0
0.0
0.0
0.0
1.4148363925050944
0.0
1.3272874665562995
0.0
0.0
1.4448577533476055
0.0
0.0
0.0
0.48585312811337644
0.0
0.0
0.0
0.5965512414804834
1.4147086038428824
0.0
0.0
0.0
0.0
0.0
0.4196989584925177
0.0
0.0
0.0
0.7264250053121941
0.0
0.0
0.5824265918563469
0.0
0.0
0.0
0.0
1.4148363925050944
0.0
1.3272874665562995
0.0
0.0
1.4448577533476055
0.0
0.0
0.0
0.48585312811337644
0.0
0.0
0.0
0.5965512414804834
1.4147086038428824
0.0
0.0
0.0
0.0
0.0
0.4196989584925177
0.0
0.0
0.0
0.7264250053121941
0.0
0.0
0.5824265918563469
0.0
0.0
0.0
0.0
1.4148363925050944
0.0
1.3272874665562995
0.0
0.0
1.4448577533476055
0.0
0.0
0.0
0.48585312811337644
0.0
0.0
0.0
0.5965512414804834
1.4147086038428824
0.0
0.0
0.0
0.0
0.0
0.4196989584925177
0.0
0.0
0.0
0.7264250053121941
0.0
0.0
0.5824265918563469
0.0
0.0
0.0
0.0
1.4148363925050944
0.0
1.3272874665562995
0.0
0.0
1.4448577533476055
0.0
0.0
0.0
0.48585312811337644
0.0
0.0
0.0
0.5965512414804834
1.4147086038428824
0.0
0.0
0.0
0.0
0.0
0.4196989584925177
0.0
0.0
0.0
0.7264250053121941
0.0
0.0
0.5824265918563469
0.0
0.0
0.0
0.0
1.4148363925050944
0.0
1.3272874665562995
0.0
0.0
1.4448577533476055
0.0
0.0
0.0
0.48585312811337644
0.0
0.0
0.0
0.5965512414804834
1.4147086038428824
0.0
0.0
0.0
0.0
0.0
0.4196989584925177
0.0
0.0
0.0
0.7264250053121941
0.0
0.0
0.5824265918563469
0.0
0.0
0.0
0.0
1.4148363925050944
0.0
1.3272874665562995
0.0
0.0
1.4448577533476055
0.0
0.0
0.0
0.48585312811337644
0.0
0.0
0.0
0.5965512414804834
1.4147086038428824
0.0
0.0
0.0
0.0
0.0
0.4196989584925177
0.0
0.0
0.0
0.7264250053121941
0.0
0.0
0.5824265918563469
0.0
0.0
0.0
0.0
1.4148363925050944
0.0
1.3272874665562995
0.0
0.0
1.4448577533476055
0.0
0.0
0.0
0.48585312811337644
0.0
0.0
0.0
0.5965512414804834
1.4147086038428824
0.0
0.0
0.0
0.0
0.0
0.4196989584925177
0.0
0.0
0.0
0.7264250053121941
0.0
0.0
0.5824265918563469
0.0
0.0
0.0
0.0
1.4148363925050944
0.0
1.3272874665562995
0.0
0.0
1.4448577533476055
0.0
0.0
0.0
0.48585312811337644
0.0
0.0
0.0
0.5965512414804834
1.4147086038428824
0.0
0.0
0.0
0.0
0.0
0.4196989584925177
0.0
0.0
0.0
0.7264250053121941
0.0
0.0
0.5824265918563469
0.0
0.0
0.0
0.0
1.4148363925050944
0.0
1.3272874665562995
0.0
0.0
1.4448577533476055
0.0
0.0
0.0
0.48585312811337644
0.0
0.0
0.0
0.5965512414804834
1.4147086038428824
0.0
0.0
0.0
0.0
0.0
0.4196989584925177
0.0
0.0
0.0
0.7264250053121941
0.0
0.0
0.5824265918563469
0.0
0.0
0.0
0.0
1.4148363925050944
0.0
1.3272874665562995
0.0
0.0
1.4448577533476055
0.0
0.0
0.0
0.48585312811337644
0.0
0.0
0.0
0.5965512414804834
1.4147086038428824
0.0
0.0
0.0
0.0
0.0
0.4196989584925177
0.0
0.0
0.0
0.7264250053121941
0.0
0.0
0.0
0.0
0.0
0.0
0.0
1.4266079621156678
0.0
1.3453380701248534
0.0
0.0
1.4501687567681074
0.0
0.0
0.0
0.4932694253875525
0.0
0.0
0.0
0.6065716479824914
0.11304529136396013
0.11233546306903008
0.0
0.0
0.0
0.0
0.022883483183250064
0.0
0.0
0.0
0.7241578625835245
0.0
0.0
0.5896153342619073
0.0
0.0
0.0
0.0
1.426791722420603
0.0
1.324490207945928
0.0
0.0
0.10993716539815068
0.0
0.0
0.0
0.49867825312685454
0.0
0.0
0.0
0.5934806884688442
1.4120419124374166
0.0483579637366347
0.0
0.0
0.0
0.0
0.4207782974044676
0.0
0.0
0.0
0.7269301641208585
0.0
0.0
0.5824265918563469
0.0
0.0
0.0
0.0
1.4148363925050944
0.0
1.3272874665562995
0.0
0.0
1.4448577533476055
0.0
0.0
0.0
0.48585312811337644
0.0
0.0
0.0
0.5965512414804834
1.4147086038428824
0.0
0.0
0.0
0.0
0.0
0.4196989584925177
0.0
0.0
0.0
0.7264250053121941
0.0
0.0
0.5824265918563469
0.0
0.0
0.0
0.0
1.4148363925050944
0.0
1.3272874665562995
0.0
0.0
1.4448577533476055
0.0
0.0
0.0
0.48585312811337644
0.0
0.0
0.0
0.5965512414804834
1.4147086038428824
0.0
0.0
0.0
0.0
0.0
0.4196989584925177
0.0
0.0
0.0
0.7264250053121941
0.0
0.0
0.5824265918563469
0.0
0.0
0.0
0.0
1.4148363925050944
0.0
1.3272874665562995
0.0
0.0
1.4448577533476055
0.0
0.0
0.0
0.48585312811337644
0.0
0.0
0.0
0.5965512414804834
1.4147086038428824
0.0
0.0
0.0
0.0
0.0
0.4196989584925177
0.0
0.0
0.0
0.7264250053121941
0.0
0.0
0.5824265918563469
0.0
0.0
0.0
0.0
1.4148363925050944
0.0
1.3272874665562995
0.0
0.0
1.4448577533476055
0.0
0.0
0.0
0.48585312811337644
0.0
0.0
0.0
0.5965512414804834
1.4147086038428824
0.0
0.0
0.0
0.0
0.0
0.4196989584925177
0.0
0.0
0.0
0.7264250053121941
0.0
0.0
0.5824265918563469
0.0
0.0
0.0
0.0
1.4148363925050944
0.0
1.3272874665562995
0.0
0.0
1.4448577533476055
0.0
0.0
0.0
0.48585312811337644
0.0
0.0
0.0
0.5965512414804834
1.4147086038428824
0.0
0.0
0.0
0.0
0.0
0.4196989584925177
0.0
0.0
0.0
0.7264250053121941
0.0
0.0
0.5824265918563469
0.0
0.0
0.0
0.0
1.4148363925050944
0.0
1.3272874665562995
0.0
0.0
1.4448577533476055
0.0
0.0
0.0
0.48585312811337644
0.0
0.0
0.0
0.5965512414804834
1.4147086038428824
0.0
0.0
0.0
0.0
0.0
0.4196989584925177
0.0
0.0
0.0
0.7264250053121941
0.0
0.0
0.5824265918563469
0.0
0.0
0.0
0.0
1.4148363925050944
0.0
1.3272874665562995
0.0
0.0
1.4448577533476055
0.0
0.0
0.0
0.48585312811337644
0.0
0.0
0.0
0.5965512414804834
1.4147086038428824
0.0
0.0
0.0
0.0
0.0
0.4196989584925177
0.0
0.0
0.0
0.7264250053121941
0.0
0.0
0.5824265918563469
0.0
0.0
0.0
0.0
1.4148363925050944
0.0
1.3272874665562995
0.0
0.0
1.4448577533476055
0.0
0.0
0.0
0.48585312811337644
0.0
0.0
0.0
0.5965512414804834
1.4147086038428824
0.0
0.0
0.0
0.0
0.0
0.4196989584925177
0.0
0.0
0.0
0.7264250053121941
0.0
0.0
0.5824265918563469
0.0
0.0
0.0
0.0
1.4148363925050944
0.0
1.3272874665562995
0.0
0.0
1.4448577533476055
0.0
0.0
0.0
0.48585312811337644
0.0
0.0
0.0
0.5965512414804834
1.4147086038428824
0.0
0.0
0.0
0.0
0.0
0.4196989584925177
0.0
0.0
0.0
0.7264250053121941
0.0
0.0
0.5824265918563469
0.0
0.0
0.0
0.0
1.4148363925050944
0.0
1.3272874665562995
0.0
0.0
1.4448577533476055
0.0
0.0
0.0
0.48585312811337644
0.0
0.0
0.0
0.5965512414804834
1.4147086038428824
0.0
0.0
0.0
0.0
0.0
0.4196989584925177
0.0
0.0
0.0
0.7264250053121941
0.0
0.0
0.5824265918563469
0.0
0.0
0.0
0.0
1.4148363925050944
0.0
1.3272874665562995
0.0
0.0
1.4448577533476055
0.0
0.0
0.0
0.48585312811337644
0.0
0.0
0.0
0.5965512414804834
1.4147086038428824
0.0
0.0
0.0
0.0
0.0
0.4196989584925177
0.0
0.0
0.0
0.7264250053121941
0.0
0.0
0.5824265918563469
0.0
0.0
0.0
0.0
1.4148363925050944
0.0
1.3272874665562995
0.0
0.0
1.4448577533476055
0.0
0.0
0.0
0.48585312811337644
0.0
0.0
0.0
0.5965512414804834
1.4147086038428824
0.0
0.0
0.0
0.0
0.0
0.4196989584925177
0.0
0.0
0.0
0.7264250053121941
0.0
0.0
0.0
0.0
0.0
0.0
0.0
1.4266079621156678
0.0
1.3453380701248534
0.0
0.0
1.4501687567681074
0.0
0.0
0.0
0.4932694253875525
0.0
0.0
0.0
0.6065716479824914
0.11304529136396013
0.11233546306903008
0.0
0.0
0.0
0.0
0.022883483183250064
0.0
0.0
0.0
0.7241578625835245
0.0
0.0
0.5896153342619073
0.0
0.0
0.0
0.0
1.426791722420603
0.0
1.324490207945928
0.0
0.0
0.10993716539815068
0.0
0.0
0.0
0.49867825312685454
0.0
0.0
0.0
0.5934806884688442
1.4120419124374166
0.0483579637366347
0.0
0.0
0.0
0.0
0.4207782974044676
0.0
0.0
0.0
0.7269301641208585
0.0
0.0
0.5824265918563469
0.0
0.0
0.0
0.0
1.4148363925050944
0.0
1.3272874665562995
0.0
0.0
1.4448577533476055
0.0
0.0
0.0
0.48585312811337644
0.0
0.0
0.0
0.5965512414804834
1.4147086038428824
0.0
0.0
0.0
0.0
0.0
0.4196989584925177
0.0
0.0
0.0
0.7264250053121941
0.0
0.0
0.5824265918563469
0.0
0.0
0.0
0.0
1.4148363925050944
0.0
1.3272874665562995
0.0
0.0
1.4448577533476055
0.0
0.0
0.0
0.48585312811337644
0.0
0.0
0.0
0.5965512414804834
1.4147086038428824
0.0
0.0
0.0
0.0
0.0
0.4196989584925177
0.0
0.0
0.0
0.7264250053121941
0.0
0.0
0.5824265918563469
0.0
0.0
0.0
0.0
1.4148363925050944
0.0
1.3272874665562995
0.0
0.0
1.4448577533476055
0.0
0.0
0.0
0.48585312811337644
0.0
0.0
0.0
0.5965512414804834
1.4147086038428824
0.0
0.0
0.0
0.0
0.0
0.4196989584925177
0.0
0.0
0.0
0.7264250053121941
0.0
0.0
0.5824265918563469
0.0
0.0
0.0
0.0
1.4148363925050944
0.0
1.3272874665562995
0.0
0.0
1.4448577533476055
0.0
0.0
0.0
0.48585312811337644
0.0
0.0
0.0
0.5965512414804834
1.4147086038428824
0.0
0.0
0.0
0.0
0.0
0.4196989584925177
0.0
0.0
0.0
0.7264250053121941
0.0
0.0
0.5824265918563469
0.0
0.0
0.0
0.0
1.4148363925050944
0.0
1.3272874665562995
0.0
0.0
1.4448577533476055
0.0
0.0
0.0
0.48585312811337644
0.0
0.0
0.0
0.5965512414804834
1.4147086038428824
0.0
0.0
0.0
0.0
0.0
0.4196989584925177
0.0
0.0
0.0
0.7264250053121941
0.0
0.0
0.5824265918563469
0.0
0.0
0.0
0.0
1.4148363925050944
0.0
1.3272874665562995
0.0
0.0
1.4448577533476055
0.0
0.0
0.0
0.48585312811337644
0.0
0.0
0.0
0.5965512414804834
1.4147086038428824
0.0
0.0
0.0
0.0
0.0
0.4196989584925177
0.0
0.0
0.0
0.7264250053121941
0.0
0.0
0.5824265918563469
0.0
0.0
0.0
0.0
1.4148363925050944
0.0
1.3272874665562995
0.0
0.0
1.4448577533476055
0.0
0.0
0.0
0.48585312811337644
0.0
0.0
0.0
0.5965512414804834
1.4147086038428824
0.0
0.0
0.0
0.0
0.0
0.4196989584925177
0.0
0.0
0.0
0.7264250053121941
0.0
0.0
0.5824265918563469
0.0
0.0
0.0
0.0
1.4148363925050944
0.0
1.3272874665562995
0.0
0.0
1.4448577533476055
0.0
0.0
0.0
0.48585312811337644
0.0
0.0
0.0
0.5965512414804834
1.4147086038428824
0.0
0.0
0.0
0.0
0.0
0.4196989584925177
0.0
0.0
0.0
0.7264250053121941
0.0
0.0
0.5824265918563469
0.0
0.0
0.0
0.0
1.4148363925050944
0.0
1.3272874665562995
0.0
0.0
1.4448577533476055
0.0
0.0
0.0
0.48585312811337644
0.0
0.0
0.0
0.5965512414804834
1.4147086038428824
0.0
0.0
0.0
0.0
0.0
0.4196989584925177
0.0
0.0
0.0
0.7264250053121941
0.0
0.0
0.5824265918563469
0.0
0.0
0.0
0.0
1.4148363925050944
0.0
1.3272874665562995
0.0
0.0
1.4448577533476055
0.0
0.0
0.0
0.48585312811337644
0.0
0.0
0.0
0.5965512414804834
1.4147086038428824
0.0
0.0
0.0
0.0
0.0
0.4196989584925177
0.0
0.0
0.0
0.7264250053121941
0.0
0.0
0.5824265918563469
0.0
0.0
0.0
0.0
1.4148363925050944
0.0
1.3272874665562995
0.0
0.0
1.4448577533476055
0.0
0.0
0.0
0.48585312811337644
0.0
0.0
0.0
0.5965512414804834
1.4147086038428824
0.0
0.0
0.0
0.0
0.0
0.4196989584925177
0.0
0.0
0.0
0.7264250053121941
0.0
0.0
0.5824265918563469
0.0
0.0
0.0
0.0
1.4148363925050944
0.0
1.3272874665562995
0.0
0.0
1.4448577533476055
0.0
0.0
0.0
0.48585312811337644
0.0
0.0
0.0
0.5965512414804834
1.4147086038428824
0.0
0.0
0.0
0.0
0.0
0.4196989584925177
0.0
0.0
0.0
0.7264250053121941
0.0
0.0
0.0
0.0
0.0
0.0
0.0
1.4266079621156678
0.0
1.3453380701248534
0.0
0.0
1.4501687567681074
0.0
0.0
0.0
0.4932694253875525
0.0
0.0
0.0
0.6065716479824914
0.11304529136396013
0.11233546306903008
0.0
0.0
0.0
0.0
0.022883483183250064
0.0
0.0
0.0
0.7241578625835245
0.0
0.0
0.5896153342619073
0.0
0.0
0.0
0.0
1.426791722420603
0.0
1.324490207945928
0.0
0.0
0.10993716539815068
0.0
0.0
0.0
0.49867825312685454
0.0
0.0
0.0
0.5934806884688442
1.4120419124374166
0.0483579637366347
0.0
0.0
0.0
0.0
0.4207782974044676
0.0
0.0
0.0
0.7269301641208585
0.0
0.0
0.5824265918563469
0.0
0.0
0.0
0.0
1.4148363925050944
0.0
1.3272874665562995
0.0
0.0
1.4448577533476055
0.0
0.0
0.0
0.48585312811337644
0.0
0.0
0.0
0.5965512414804834
1.4147086038428824
0.0
0.0
0.0
0.0
0.0
0.4196989584925177
0.0
0.0
0.0
0.7264250053121941
0.0
0.0
0.5824265918563469
0.0
0.0
0.0
0.0
1.4148363925050944
0.0
1.3272874665562995
0.0
0.0
1.4448577533476055
0.0
0.0
0.0
0.48585312811337644
0.0
0.0
0.0
0.5965512414804834
1.4147086038428824
0.0
0.0
0.0
0.0
0.0
0.4196989584925177
0.0
0.0
0.0
0.7264250053121941
0.0
0.0
0.5824265918563469
0.0
0.0
0.0
0.0
1.4148363925050944
0.0
1.3272874665562995
0.0
0.0
1.4448577533476055
0.0
0.0
0.0
0.48585312811337644
0.0
0.0
0.0
0.5965512414804834
1.4147086038428824
0.0
0.0
0.0
0.0
0.0
0.4196989584925177
0.0
0.0
0.0
0.7264250053121941
0.0
0.0
0.5824265918563469
0.0
0.0
0.0
0.0
1.4148363925050944
0.0
1.3272874665562995
0.0
0.0
1.4448577533476055
0.0
0.0
0.0
0.48585312811337644
0.0
0.0
0.0
0.5965512414804834
1.4147086038428824
0.0
0.0
0.0
0.0
0.0
0.4196989584925177
0.0
0.0
0.0
0.7264250053121941
0.0
0.0
0.5824265918563469
0.0
0.0
0.0
0.0
1.4148363925050944
0.0
1.3272874665562995
0.0
0.0
1.4448577533476055
0.0
0.0
0.0
0.48585312811337644
0.0
0.0
0.0
0.5965512414804834
1.4147086038428824
0.0
0.0
0.0
0.0
0.0
0.4196989584925177
0.0
0.0
0.0
0.7264250053121941
0.0
0.0
0.5824265918563469
0.0
0.0
0.0
0.0
1.4148363925050944
0.0
1.3272874665562995
0.0
0.0
1.4448577533476055
0.0
0.0
0.0
0.48585312811337644
0.0
0.0
0.0
0.5965512414804834
1.4147086038428824
0.0
0.0
0.0
0.0
0.0
0.4196989584925177
0.0
0.0
0.0
0.7264250053121941
0.0
0.0
0.5824265918563469
0.0
0.0
0.0
0.0
1.4148363925050944
0.0
1.3272874665562995
0.0
0.0
1.4448577533476055
0.0
0.0
0.0
0.48585312811337644
0.0
0.0
0.0
0.5965512414804834
1.4147086038428824
0.0
0.0
0.0
0.0
0.0
0.4196989584925177
0.0
0.0
0.0
0.7264250053121941
0.0
0.0
0.5824265918563469
0.0
0.0
0.0
0.0
1.4148363925050944
0.0
1.3272874665562995
0.0
0.0
1.4448577533476055
0.0
0.0
0.0
0.48585312811337644
0.0
0.0
0.0
0.5965512414804834
1.4147086038428824
0.0
0.0
0.0
0.0
0.0
0.4196989584925177
0.0
0.0
0.0
0.7264250053121941
0.0
0.0
0.5824265918563469
0.0
0.0
0.0
0.0
1.4148363925050944
0.0
1.3272874665562995
0.0
0.0
1.4448577533476055
0.0
0.0
0.0
0.48585312811337644
0.0
0.0
0.0
0.5965512414804834
1.4147086038428824
0.0
0.0
0.0
0.0
0.0
0.4196989584925177
0.0
0.0
0.0
0.7264250053121941
0.0
0.0
0.5824265918563469
0.0
0.0
0.0
0.0
1.4148363925050944
0.0
1.3272874665562995
0.0
0.0
1.4448577533476055
0.0
0.0
0.0
0.48585312811337644
0.0
0.0
0.0
0.5965512414804834
1.4147086038428824
0.0
0.0
0.0
0.0
0.0
0.4196989584925177
0.0
0.0
0.0
0.7264250053121941
0.0
0.0
0.5824265918563469
0.0
0.0
0.0
0.0
1.4148363925050944
0.0
1.3272874665562995
0.0
0.0
1.4448577533476055
0.0
0.0
0.0
0.48585312811337644
0.0
0.0
0.0
0.5965512414804834
1.4147086038428824
0.0
0.0
0.0
0.0
0.0
0.4196989584925177
0.0
0.0
0.0
0.7264250053121941
0.0
0.0
0.5824265918563469
0.0
0.0
0.0
0.0
1.4148363925050944
0.0
1.3272874665562995
0.0
0.0
1.4448577533476055
0.0
0.0
0.0
0.48585312811337644
0.0
0.0
0.0
0.5965512414804834
1.4147086038428824
0.0
0.0
0.0
0.0
0.0
0.4196989584925177
0.0
0.0
0.0
0.7264250053121941
0.0
0.0
0.0
0.0
0.0
0.0
0.0
1.4266079621156678
0.0
1.3453380701248534
0.0
0.0
1.4501687567681074
0.0
0.0
0.0
0.4932694253875525
0.0
0.0
0.0
0.6065716479824914
0.11304529136396013
0.11233546306903008
0.0
0.0
0.0
0.0
0.022883483183250064
0.0
0.0
0.0
0.7241578625835245
0.0
0.0
0.5896153342619073
0.0
0.0
0.0
0.0
1.426791722420603
0.0
1.324490207945928
0.0
0.0
0.10993716539815068
0.0
0.0
0.0
0.49867825312685454
0.0
0.0
0.0
0.5934806884688442
1.4120419124374166
0.0483579637366347
0.0
0.0
0.0
0.0
0.4207782974044676
0.0
0.0
0.0
0.7269301641208585
0.0
0.0
0.5824265918563469
0.0
0.0
0.0
0.0
1.4148363925050944
0.0
1.3272874665562995
0.0
0.0
1.4448577533476055
0.0
0.0
0.0
0.48585312811337644
0.0
0.0
0.0
0.5965512414804834
1.4147086038428824
0.0
0.0
0.0
0.0
0.0
0.4196989584925177
0.0
0.0
0.0
0.7264250053121941
0.0
0.0
0.5824265918563469
0.0
0.0
0.0
0.0
1.4148363925050944
0.0
1.3272874665562995
0.0
0.0
1.4448577533476055
0.0
0.0
0.0
0.48585312811337644
0.0
0.0
0.0
0.5965512414804834
1.4147086038428824
0.0
0.0
0.0
0.0
0.0
0.4196989584925177
0.0
0.0
0.0
0.7264250053121941
0.0
0.0
0.5824265918563469
0.0
0.0
0.0
0.0
1.4148363925050944
0.0
1.3272874665562995
0.0
0.0
1.4448577533476055
0.0
0.0
0.0
0.48585312811337644
0.0
0.0
0.0
0.5965512414804834
1.4147086038428824
0.0
0.0
0.0
0.0
0.0
0.4196989584925177
0.0
0.0
0.0
0.7264250053121941
0.0
0.0
0.5824265918563469
0.0
0.0
0.0
0.0
1.4148363925050944
0.0
1.3272874665562995
0.0
0.0
1.4448577533476055
0.0
0.0
0.0
0.48585312811337644
0.0
0.0
0.0
0.5965512414804834
1.4147086038428824
0.0
0.0
0.0
0.0
0.0
0.4196989584925177
0.0
0.0
0.0
0.7264250053121941
0.0
0.0
0.5824265918563469
0.0
0.0
0.0
0.0
1.4148363925050944
0.0
1.3272874665562995
0.0
0.0
1.4448577533476055
0.0
0.0
0.0
0.48585312811337644
0.0
0.0
0.0
0.5965512414804834
1.4147086038428824
0.0
0.0
0.0
0.0
0.0
0.4196989584925177
0.0
0.0
0.0
0.7264250053121941
0.0
0.0
0.5824265918563469
0.0
0.0
0.0
0.0
1.4148363925050944
0.0
1.3272874665562995
0.0
0.0
1.4448577533476055
0.0
0.0
0.0
0.48585312811337644
0.0
0.0
0.0
0.5965512414804834
1.4147086038428824
0.0
0.0
0.0
0.0
0.0
0.4196989584925177
0.0
0.0
0.0
0.7264250053121941
0.0
0.0
0.5824265918563469
0.0
0.0
0.0
0.0
1.4148363925050944
0.0
1.3272874665562995
0.0
0.0
1.4448577533476055
0.0
0.0
0.0
0.48585312811337644
0.0
0.0
0.0
0.5965512414804834
1.4147086038428824
0.0
0.0
0.0
0.0
0.0
0.4196989584925177
0.0
0.0
0.0
0.7264250053121941
0.0
0.0
0.5824265918563469
0.0
0.0
0.0
0.0
1.4148363925050944
0.0
1.3272874665562995
0.0
0.0
1.4448577533476055
0.0
0.0
0.0
0.48585312811337644
0.0
0.0
0.0
0.5965512414804834
1.4147086038428824
0.0
0.0
0.0
0.0
0.0
0.4196989584925177
0.0
0.0
0.0
0.7264250053121941
0.0
0.0
0.5824265918563469
0.0
0.0
0.0
0.0
1.4148363925050944
0.0
1.3272874665562995
0.0
0.0
1.4448577533476055
0.0
0.0
0.0
0.48585312811337644
0.0
0.0
0.0
0.5965512414804834
1.4147086038428824
0.0
0.0
0.0
0.0
0.0
0.4196989584925177
0.0
0.0
0.0
0.7264250053121941
0.0
0.0
0.5824265918563469
0.0
0.0
0.0
0.0
1.4148363925050944
0.0
1.3272874665562995
0.0
0.0
1.4448577533476055
0.0
0.0
0.0
0.48585312811337644
0.0
0.0
0.0
0.5965512414804834
1.4147086038428824
0.0
0.0
0.0
0.0
0.0
0.4196989584925177
0.0
0.0
0.0
0.7264250053121941
0.0
0.0
0.5824265918563469
0.0
0.0
0.0
0.0
1.4148363925050944
0.0
1.3272874665562995
0.0
0.0
1.4448577533476055
0.0
0.0
0.0
0.48585312811337644
0.0
0.0
0.0
0.5965512414804834
1.4147086038428824
0.0
0.0
0.0
0.0
0.0
0.4196989584925177
0.0
0.0
0.0
0.7264250053121941
0.0
0.0
0.5824265918563469
0.0
0.0
0.0
0.0
1.4148363925050944
0.0
1.3272874665562995
0.0
0.0
1.4448577533476055
0.0
0.0
0.0
0.48585312811337644
0.0
0.0
0.0
0.5965512414804834
1.4147086038428824
0.0
0.0
0.0
0.0
0.0
0.4196989584925177
0.0
0.0
0.0
0.7264250053121941
0.0
0.0
0.0
0.0
0.0
0.0
0.0
1.4266079621156678
0.0
1.3453380701248534
0.0
0.0
1.4501687567681074
0.0
0.0
0.0
0.4932694253875525
0.0
0.0
0.0
0.6065716479824914
0.11304529136396013
0.11233546306903008
0.0
0.0
0.0
0.0
0.022883483183250064
0.0
0.0
0.0
0.7241578625835245
0.0
0.0
0.5896153342619073
0.0
0.0
0.0
0.0
1.426791722420603
0.0
1.324490207945928
0.0
0.0
0.10993716539815068
0.0
0.0
0.0
0.49867825312685454
0.0
0.0
0.0
0.5934806884688442
1.4120419124374166
0.0483579637366347
0.0
0.0
0.0
0.0
0.4207782974044676
0.0
0.0
0.0
0.7269301641208585
0.0
0.0
0.5824265918563469
0.0
0.0
0.0
0.0
1.4148363925050944
0.0
1.3272874665562995
0.0
0.0
1.4448577533476055
0.0
0.0
0.0
0.48585312811337644
0.0
0.0
0.0
0.5965512414804834
1.4147086038428824
0.0
0.0
0.0
0.0
0.0
0.4196989584925177
0.0
0.0
0.0
0.7264250053121941
0.0
0.0
0.5824265918563469
0.0
0.0
0.0
0.0
1.4148363925050944
0.0
1.3272874665562995
0.0
0.0
1.4448577533476055
0.0
0.0
0.0
0.48585312811337644
0.0
0.0
0.0
0.5965512414804834
1.4147086038428824
0.0
0.0
0.0
0.0
0.0
0.4196989584925177
0.0
0.0
0.0
0.7264250053121941
0.0
0.0
0.5824265918563469
0.0
0.0
0.0
0.0
1.4148363925050944
0.0
1.3272874665562995
0.0
0.0
1.4448577533476055
0.0
0.0
0.0
0.48585312811337644
0.0
0.0
0.0
0.5965512414804834
1.4147086038428824
0.0
0.0
0.0
0.0
0.0
0.4196989584925177
0.0
0.0
0.0
0.7264250053121941
0.0
0.0
0.5824265918563469
0.0
0.0
0.0
0.0
1.4148363925050944
0.0
1.3272874665562995
0.0
0.0
1.4448577533476055
0.0
0.0
0.0
0.48585312811337644
0.0
0.0
0.0
0.5965512414804834
1.4147086038428824
0.0
0.0
0.0
0.0
0.0
0.4196989584925177
0.0
0.0
0.0
0.7264250053121941
0.0
0.0
0.5824265918563469
0.0
0.0
0.0
0.0
1.4148363925050944
0.0
1.3272874665562995
0.0
0.0
1.4448577533476055
0.0
0.0
0.0
0.48585312811337644
0.0
0.0
0.0
0.5965512414804834
1.4147086038428824
0.0
0.0
0.0
0.0
0.0
0.4196989584925177
0.0
0.0
0.0
0.7264250053121941
0.0
0.0
0.5824265918563469
0.0
0.0
0.0
0.0
1.4148363925050944
0.0
1.3272874665562995
0.0
0.0
1.4448577533476055
0.0
0.0
0.0
0.48585312811337644
0.0
0.0
0.0
0.5965512414804834
1.4147086038428824
0.0
0.0
0.0
0.0
0.0
0.4196989584925177
0.0
0.0
0.0
0.7264250053121941
0.0
0.0
0.5824265918563469
0.0
0.0
0.0
0.0
1.4148363925050944
0.0
1.3272874665562995
0.0
0.0
1.4448577533476055
0.0
0.0
0.0
0.48585312811337644
0.0
0.0
0.0
0.5965512414804834
1.4147086038428824
0.0
0.0
0.0
0.0
0.0
0.4196989584925177
0.0
0.0
0.0
0.7264250053121941
0.0
0.0
0.5824265918563469
0.0
0.0
0.0
0.0
1.4148363925050944
0.0
1.3272874665562995
0.0
0.0
1.4448577533476055
0.0
0.0
0.0
0.48585312811337644
0.0
0.0
0.0
0.5965512414804834
1.4147086038428824
0.0
0.0
0.0
0.0
0.0
0.4196989584925177
0.0
0.0
0.0
0.7264250053121941
0.0
0.0
0.5824265918563469
0.0
0.0
0.0
0.0
1.4148363925050944
0.0
1.3272874665562995
0.0
0.0
1.4448577533476055
0.0
0.0
0.0
0.48585312811337644
0.0
0.0
0.0
0.5965512414804834
1.4147086038428824
0.0
0.0
0.0
0.0
0.0
0.4196989584925177
0.0
0.0
0.0
0.7264250053121941
0.0
0.0
0.5824265918563469
0.0
0.0
0.0
0.0
1.4148363925050944
0.0
1.3272874665562995
0.0
0.0
1.4448577533476055
0.0
0.0
0.0
0.48585312811337644
0.0
0.0
0.0
0.5965512414804834
1.4147086038428824
0.0
0.0
0.0
0.0
0.0
0.4196989584925177
0.0
0.0
0.0
0.7264250053121941
0.0
0.0
0.5824265918563469
0.0
0.0
0.0
0.0
1.4148363925050944
0.0
1.3272874665562995
0.0
0.0
1.4448577533476055
0.0
0.0
0.0
0.48585312811337644
0.0
0.0
0.0
0.5965512414804834
1.4147086038428824
0.0
0.0
0.0
0.0
0.0
0.4196989584925177
0.0
0.0
0.0
0.7264250053121941
0.0
0.0
0.5824265918563469
0.0
0.0
0.0
0.0
1.4148363925050944
0.0
1.3272874665562995
0.0
0.0
1.4448577533476055
0.0
0.0
0.0
0.48585312811337644
0.0
0.0
0.0
0.5965512414804834
1.4147086038428824
0.0
0.0
0.0
0.0
0.0
0.4196989584925177
0.0
0.0
0.0
0.7264250053121941
0.0
0.0
0.0
0.0
0.0
0.0
0.0
1.4266079621156678
0.0
1.3453380701248534
0.0
0.0
1.4501687567681074
0.0
0.0
0.0
0.4932694253875525
0.0
0.0
0.0
0.6065716479824914
0.11304529136396013
0.11233546306903008
0.0
0.0
0.0
0.0
0.022883483183250064
0.0
0.0
0.0
0.7241578625835245
0.0
0.0
0.5896153342619073
0.0
0.0
0.0
0.0
1.426791722420603
0.0
1.324490207945928
0.0
0.0
0.10993716539815068
0.0
0.0
0.0
0.49867825312685454
0.0
0.0
0.0
0.5934806884688442
1.4120419124374166
0.0483579637366347
0.0
0.0
0.0
0.0
0.4207782974044676
0.0
0.0
0.0
0.7269301641208585
0.0
0.0
0.5824265918563469
0.0
0.0
0.0
0.0
1.4148363925050944
0.0
1.3272874665562995
0.0
0.0
1.4448577533476055
0.0
0.0
0.0
0.48585312811337644
0.0
0.0
0.0
0.5965512414804834
1.4147086038428824
0.0
0.0
0.0
0.0
0.0
0.4196989584925177
0.0
0.0
0.0
0.7264250053121941
0.0
0.0
0.5824265918563469
0.0
0.0
0.0
0.0
1.4148363925050944
0.0
1.3272874665562995
0.0
0.0
1.4448577533476055
0.0
0.0
0.0
0.48585312811337644
0.0
0.0
0.0
0.5965512414804834
1.4147086038428824
0.0
0.0
0.0
0.0
0.0
0.4196989584925177
0.0
0.0
0.0
0.7264250053121941
0.0
0.0
0.5824265918563469
0.0
0.0
0.0
0.0
1.4148363925050944
0.0
1.3272874665562995
0.0
0.0
1.4448577533476055
0.0
0.0
0.0
0.48585312811337644
0.0
0.0
0.0
0.5965512414804834
1.4147086038428824
0.0
0.0
0.0
0.0
0.0
0.4196989584925177
0.0
0.0
0.0
0.7264250053121941
0.0
0.0
0.5824265918563469
0.0
0.0
0.0
0.0
1.4148363925050944
0.0
1.3272874665562995
0.0
0.0
1.4448577533476055
0.0
0.0
0.0
0.48585312811337644
0.0
0.0
0.0
0.5965512414804834
1.4147086038428824
0.0
0.0
0.0
0.0
0.0
0.4196989584925177
0.0
0.0
0.0
0.7264250053121941
0.0
0.0
0.5824265918563469
0.0
0.0
0.0
0.0
1.4148363925050944
0.0
1.3272874665562995
0.0
0.0
1.4448577533476055
0.0
0.0
0.0
0.48585312811337644
0.0
0.0
0.0
0.5965512414804834
1.4147086038428824
0.0
0.0
0.0
0.0
0.0
0.4196989584925177
0.0
0.0
0.0
0.7264250053121941
0.0
0.0
0.5824265918563469
0.0
0.0
0.0
0.0
1.4148363925050944
0.0
1.3272874665562995
0.0
0.0
1.4448577533476055
0.0
0.0
0.0
0.48585312811337644
0.0
0.0
0.0
0.5965512414804834
1.4147086038428824
0.0
0.0
0.0
0.0
0.0
0.4196989584925177
0.0
0.0
0.0
0.7264250053121941
0.0
0.0
0.5824265918563469
0.0
0.0
0.0
0.0
1.4148363925050944
0.0
1.3272874665562995
0.0
0.0
1.4448577533476055
0.0
0.0
0.0
0.48585312811337644
0.0
0.0
0.0
0.5965512414804834
1.4147086038428824
0.0
0.0
0.0
0.0
0.0
0.4196989584925177
0.0
0.0
0.0
0.7264250053121941
0.0
0.0
0.5824265918563469
0.0
0.0
0.0
0.0
1.4148363925050944
0.0
1.3272874665562995
0.0
0.0
1.4448577533476055
0.0
0.0
0.0
0.48585312811337644
0.0
0.0
0.0
0.5965512414804834
1.4147086038428824
0.0
0.0
0.0
0.0
0.0
0.4196989584925177
0.0
0.0
0.0
0.7264250053121941
0.0
0.0
0.5824265918563469
0.0
0.0
0.0
0.0
1.4148363925050944
0.0
1.3272874665562995
0.0
0.0
1.4448577533476055
0.0
0.0
0.0
0.48585312811337644
0.0
0.0
0.0
0.5965512414804834
1.4147086038428824
0.0
0.0
0.0
0.0
0.0
0.4196989584925177
0.0
0.0
0.0
0.7264250053121941
0.0
0.0
0.5824265918563469
0.0
0.0
0.0
0.0
1.4148363925050944
0.0
1.3272874665562995
0.0
0.0
1.4448577533476055
0.0
0.0
0.0
0.48585312811337644
0.0
0.0
0.0
0.5965512414804834
1.4147086038428824
0.0
0.0
0.0
0.0
0.0
0.4196989584925177
0.0
0.0
0.0
0.7264250053121941
0.0
0.0
0.5824265918563469
0.0
0.0
0.0
0.0
1.4148363925050944
0.0
1.3272874665562995
0.0
0.0
1.4448577533476055
0.0
0.0
0.0
0.48585312811337644
0.0
0.0
0.0
0.5965512414804834
1.4147086038428824
0.0
0.0
0.0
0.0
0.0
0.4196989584925177
0.0
0.0
0.0
0.7264250053121941
0.0
0.0
0.5824265918563469
0.0
0.0
0.0
0.0
1.4148363925050944
0.0
1.3272874665562995
0.0
0.0
1.4448577533476055
0.0
0.0
0.0
0.48585312811337644
0.0
0.0
0.0
0.5965512414804834
1.4147086038428824
0.0
0.0
0.0
0.0
0.0
0.4196989584925177
0.0
0.0
0.0
0.7264250053121941
0.0
0.0
0.0
0.0
0.0
0.0
0.0
1.4266079621156678
0.0
1.3453380701248534
0.0
0.0
1.4501687567681074
0.0
0.0
0.0
0.4932694253875525
0.0
0.0
0.0
0.6065716479824914
0.11304529136396013
0.11233546306903008
0.0
0.0
0.0
0.0
0.022883483183250064
0.0
0.0
0.0
0.7241578625835245
0.0
0.0
0.5896153342619073
0.0
0.0
0.0
0.0
1.426791722420603
0.0
1.324490207945928
0.0
0.0
0.10993716539815068
0.0
0.0
0.0
0.49867825312685454
0.0
0.0
0.0
0.5934806884688442
1.4120419124374166
0.0483579637366347
0.0
0.0
0.0
0.0
0.4207782974044676
0.0
0.0
0.0
0.7269301641208585
0.0
0.0
0.5824265918563469
0.0
0.0
0.0
0.0
1.4148363925050944
0.0
1.3272874665562995
0.0
0.0
1.4448577533476055
0.0
0.0
0.0
0.48585312811337644
0.0
0.0
0.0
0.5965512414804834
1.4147086038428824
0.0
0.0
0.0
0.0
0.0
0.4196989584925177
0.0
0.0
0.0
0.7264250053121941
0.0
0.0
0.5824265918563469
0.0
0.0
0.0
0.0
1.4148363925050944
0.0
1.3272874665562995
0.0
0.0
1.4448577533476055
0.0
0.0
0.0
0.48585312811337644
0.0
0.0
0.0
0.5965512414804834
1.4147086038428824
0.0
0.0
0.0
0.0
0.0
0.4196989584925177
0.0
0.0
0.0
0.7264250053121941
0.0
0.0
0.5824265918563469
0.0
0.0
0.0
0.0
1.4148363925050944
0.0
1.3272874665562995
0.0
0.0
1.4448577533476055
0.0
0.0
0.0
0.48585312811337644
0.0
0.0
0.0
0.5965512414804834
1.4147086038428824
0.0
0.0
0.0
0.0
0.0
0.4196989584925177
0.0
0.0
0.0
0.7264250053121941
0.0
0.0
0.5824265918563469
0.0
0.0
0.0
0.0
1.4148363925050944
0.0
1.3272874665562995
0.0
0.0
1.4448577533476055
0.0
0.0
0.0
0.48585312811337644
0.0
0.0
0.0
0.5965512414804834
1.4147086038428824
0.0
0.0
0.0
0.0
0.0
0.4196989584925177
0.0
0.0
0.0
0.7264250053121941
0.0
0.0
0.5824265918563469
0.0
0.0
0.0
0.0
1.4148363925050944
0.0
1.3272874665562995
0.0
0.0
1.4448577533476055
0.0
0.0
0.0
0.48585312811337644
0.0
0.0
0.0
0.5965512414804834
1.4147086038428824
0.0
0.0
0.0
0.0
0.0
0.4196989584925177
0.0
0.0
0.0
0.7264250053121941
0.0
0.0
0.5824265918563469
0.0
0.0
0.0
0.0
1.4148363925050944
0.0
1.3272874665562995
0.0
0.0
1.4448577533476055
0.0
0.0
0.0
0.48585312811337644
0.0
0.0
0.0
0.5965512414804834
1.4147086038428824
0.0
0.0
0.0
0.0
0.0
0.4196989584925177
0.0
0.0
0.0
0.7264250053121941
0.0
0.0
0.5824265918563469
0.0
0.0
0.0
0.0
1.4148363925050944
0.0
1.3272874665562995
0.0
0.0
1.4448577533476055
0.0
0.0
0.0
0.48585312811337644
0.0
0.0
0.0
0.5965512414804834
1.4147086038428824
0.0
0.0
0.0
0.0
0.0
0.4196989584925177
0.0
0.0
0.0
0.7264250053121941
0.0
0.0
0.5824265918563469
0.0
0.0
0.0
0.0
1.4148363925050944
0.0
1.3272874665562995
0.0
0.0
1.4448577533476055
0.0
0.0
0.0
0.48585312811337644
0.0
0.0
0.0
0.5965512414804834
1.4147086038428824
0.0
0.0
0.0
0.0
0.0
0.4196989584925177
0.0
0.0
0.0
0.7264250053121941
0.0
0.0
0.5824265918563469
0.0
0.0
0.0
0.0
1.4148363925050944
0.0
1.3272874665562995
0.0
0.0
1.4448577533476055
0.0
0.0
0.0
0.48585312811337644
0.0
0.0
0.0
0.5965512414804834
1.4147086038428824
0.0
0.0
0.0
0.0
0.0
0.4196989584925177
0.0
0.0
0.0
0.7264250053121941
0.0
0.0
0.5824265918563469
0.0
0.0
0.0
0.0
1.4148363925050944
0.0
1.3272874665562995
0.0
0.0
1.4448577533476055
0.0
0.0
0.0
0.48585312811337644
0.0
0.0
0.0
0.5965512414804834
1.4147086038428824
0.0
0.0
0.0
0.0
0.0
0.4196989584925177
0.0
0.0
0.0
0.7264250053121941
0.0
0.0
0.5824265918563469
0.0
0.0
0.0
0.0
1.4148363925050944
0.0
1.3272874665562995
0.0
0.0
1.4448577533476055
0.0
0.0
0.0
0.48585312811337644
0.0
0.0
0.0
0.5965512414804834
1.4147086038428824
0.0
0.0
0.0
0.0
0.0
0.4196989584925177
0.0
0.0
0.0
0.7264250053121941
0.0
0.0
0.5824265918563469
0.0
0.0
0.0
0.0
1.4148363925050944
0.0
1.3272874665562995
0.0
0.0
1.4448577533476055
0.0
0.0
0.0
0.48585312811337644
0.0
0.0
0.0
0.5965512414804834
1.4147086038428824
0.0
0.0
0.0
0.0
0.0
0.4196989584925177
0.0
0.0
0.0
0.7264250053121941
0.0
0.0
0.0
0.0
0.0
0.0
0.0
1.4266079621156678
0.0
1.3453380701248534
0.0
0.0
1.4501687567681074
0.0
0.0
0.0
0.4932694253875525
0.0
0.0
0.0
0.6065716479824914
0.11304529136396013
0.11233546306903008
0.0
0.0
0.0
0.0
0.022883483183250064
0.0
0.0
0.0
0.7241578625835245
0.0
0.0
0.5896153342619073
0.0
0.0
0.0
0.0
1.426791722420603
0.0
1.324490207945928
0.0
0.0
0.10993716539815068
0.0
0.0
0.0
0.49867825312685454
0.0
0.0
0.0
0.5934806884688442
1.4120419124374166
0.0483579637366347
0.0
0.0
0.0
0.0
0.4207782974044676
0.0
0.0
0.0
0.7269301641208585
0.0
0.0
0.5824265918563469
0.0
0.0
0.0
0.0
1.4148363925050944
0.0
1.3272874665562995
0.0
0.0
1.4448577533476055
0.0
0.0
0.0
0.48585312811337644
0.0
0.0
0.0
0.5965512414804834
1.4147086038428824
0.0
0.0
0.0
0.0
0.0
0.4196989584925177
0.0
0.0
0.0
0.7264250053121941
0.0
0.0
0.5824265918563469
0.0
0.0
0.0
0.0
1.4148363925050944
0.0
1.3272874665562995
0.0
0.0
1.4448577533476055
0.0
0.0
0.0
0.48585312811337644
0.0
0.0
0.0
0.5965512414804834
1.4147086038428824
0.0
0.0
0.0
0.0
0.0
0.4196989584925177
0.0
0.0
0.0
0.7264250053121941
0.0
0.0
0.5824265918563469
0.0
0.0
0.0
0.0
1.4148363925050944
0.0
1.3272874665562995
0.0
0.0
1.4448577533476055
0.0
0.0
0.0
0.48585312811337644
0.0
0.0
0.0
0.5965512414804834
1.4147086038428824
0.0
0.0
0.0
0.0
0.0
0.4196989584925177
0.0
0.0
0.0
0.7264250053121941
0.0
0.0
0.5824265918563469
0.0
0.0
0.0
0.0
1.4148363925050944
0.0
1.3272874665562995
0.0
0.0
1.4448577533476055
0.0
0.0
0.0
0.48585312811337644
0.0
0.0
0.0
0.5965512414804834
1.4147086038428824
0.0
0.0
0.0
0.0
0.0
0.4196989584925177
0.0
0.0
0.0
0.7264250053121941
0.0
0.0
0.5824265918563469
0.0
0.0
0.0
0.0
1.4148363925050944
0.0
1.3272874665562995
0.0
0.0
1.4448577533476055
0.0
0.0
0.0
0.48585312811337644
0.0
0.0
0.0
0.5965512414804834
1.4147086038428824
0.0
0.0
0.0
0.0
0.0
0.4196989584925177
0.0
0.0
0.0
0.7264250053121941
0.0
0.0
0.5824265918563469
0.0
0.0
0.0
0.0
1.4148363925050944
0.0
1.3272874665562995
0.0
0.0
1.4448577533476055
0.0
0.0
0.0
0.48585312811337644
0.0
0.0
0.0
0.5965512414804834
1.4147086038428824
0.0
0.0
0.0
0.0
0.0
0.4196989584925177
0.0
0.0
0.0
0.7264250053121941
0.0
0.0
0.5824265918563469
0.0
0.0
0.0
0.0
1.4148363925050944
0.0
1.3272874665562995
0.0
0.0
1.4448577533476055
0.0
0.0
0.0
0.48585312811337644
0.0
0.0
0.0
0.5965512414804834
1.4147086038428824
0.0
0.0
0.0
0.0
0.0
0.4196989584925177
0.0
0.0
0.0
0.7264250053121941
0.0
0.0
0.5824265918563469
0.0
0.0
0.0
0.0
1.4148363925050944
0.0
1.3272874665562995
0.0
0.0
1.4448577533476055
0.0
0.0
0.0
0.48585312811337644
0.0
0.0
0.0
0.5965512414804834
1.4147086038428824
0.0
0.0
0.0
0.0
0.0
0.4196989584925177
0.0
0.0
0.0
0.7264250053121941
0.0
0.0
0.5824265918563469
0.0
0.0
0.0
0.0
1.4148363925050944
0.0
1.3272874665562995
0.0
0.0
1.4448577533476055
0.0
0.0
0.0
0.48585312811337644
0.0
0.0
0.0
0.5965512414804834
1.4147086038428824
0.0
0.0
0.0
0.0
0.0
0.4196989584925177
0.0
0.0
0.0
0.7264250053121941
0.0
0.0
0.5824265918563469
0.0
0.0
0.0
0.0
1.4148363925050944
0.0
1.3272874665562995
0.0
0.0
1.4448577533476055
0.0
0.0
0.0
0.48585312811337644
0.0
0.0
0.0
0.5965512414804834
1.4147086038428824
0.0
0.0
0.0
0.0
0.0
0.4196989584925177
0.0
0.0
0.0
0.7264250053121941
0.0
0.0
0.5824265918563469
0.0
0.0
0.0
0.0
1.4148363925050944
0.0
1.3272874665562995
0.0
0.0
1.4448577533476055
0.0
0.0
0.0
0.48585312811337644
0.0
0.0
0.0
0.5965512414804834
1.4147086038428824
0.0
0.0
0.0
0.0
0.0
0.4196989584925177
0.0
0.0
0.0
0.7264250053121941
0.0
0.0
0.5824265918563469
0.0
0.0
0.0
0.0
1.4148363925050944
0.0
1.3272874665562995
0.0
0.0
1.4448577533476055
0.0
0.0
0.0
0.48585312811337644
0.0
0.0
0.0
0.5965512414804834
1.4147086038428824
0.0
0.0
0.0
0.0
0.0
0.4196989584925177
0.0
0.0
0.0
0.7264250053121941
0.0
0.0
0.0
0.0
0.0
0.0
0.0
1.4266079621156678
0.0
1.3453380701248534
0.0
0.0
1.4501687567681074
0.0
0.0
0.0
0.4932694253875525
0.0
0.0
0.0
0.6065716479824914
0.11304529136396013
0.11233546306903008
0.0
0.0
0.0
0.0
0.022883483183250064
0.0
0.0
0.0
0.7241578625835245
0.0
0.0
0.5896153342619073
0.0
0.0
0.0
0.0
1.426791722420603
0.0
1.324490207945928
0.0
0.0
0.10993716539815068
0.0
0.0
0.0
0.49867825312685454
0.0
0.0
0.0
0.5934806884688442
1.4120419124374166
0.0483579637366347
0.0
0.0
0.0
0.0
0.4207782974044676
0.0
0.0
0.0
0.7269301641208585
0.0
0.0
0.5824265918563469
0.0
0.0
0.0
0.0
1.4148363925050944
0.0
1.3272874665562995
0.0
0.0
1.4448577533476055
0.0
0.0
0.0
0.48585312811337644
0.0
0.0
0.0
0.5965512414804834
1.4147086038428824
0.0
0.0
0.0
0.0
0.0
0.4196989584925177
0.0
0.0
0.0
0.7264250053121941
0.0
0.0
0.5824265918563469
0.0
0.0
0.0
0.0
1.4148363925050944
0.0
1.3272874665562995
0.0
0.0
1.4448577533476055
0.0
0.0
0.0
0.48585312811337644
0.0
0.0
0.0
0.5965512414804834
1.4147086038428824
0.0
0.0
0.0
0.0
0.0
0.4196989584925177
0.0
0.0
0.0
0.7264250053121941
0.0
0.0
0.5824265918563469
0.0
0.0
0.0
0.0
1.4148363925050944
0.0
1.3272874665562995
0.0
0.0
1.4448577533476055
0.0
0.0
0.0
0.48585312811337644
0.0
0.0
0.0
0.5965512414804834
1.4147086038428824
0.0
0.0
0.0
0.0
0.0
0.4196989584925177
0.0
0.0
0.0
0.7264250053121941
0.0
0.0
0.5824265918563469
0.0
0.0
0.0
0.0
1.4148363925050944
0.0
1.3272874665562995
0.0
0.0
1.4448577533476055
0.0
0.0
0.0
0.48585312811337644
0.0
0.0
0.0
0.5965512414804834
1.4147086038428824
0.0
0.0
0.0
0.0
0.0
0.4196989584925177
0.0
0.0
0.0
0.7264250053121941
0.0
0.0
0.5824265918563469
0.0
0.0
0.0
0.0
1.4148363925050944
0.0
1.3272874665562995
0.0
0.0
1.4448577533476055
0.0
0.0
0.0
0.48585312811337644
0.0
0.0
0.0
0.5965512414804834
1.4147086038428824
0.0
0.0
0.0
0.0
0.0
0.4196989584925177
0.0
0.0
0.0
0.7264250053121941
0.0
0.0
0.5824265918563469
0.0
0.0
0.0
0.0
1.4148363925050944
0.0
1.3272874665562995
0.0
0.0
1.4448577533476055
0.0
0.0
0.0
0.48585312811337644
0.0
0.0
0.0
0.5965512414804834
1.4147086038428824
0.0
0.0
0.0
0.0
0.0
0.4196989584925177
0.0
0.0
0.0
0.7264250053121941
0.0
0.0
0.5824265918563469
0.0
0.0
0.0
0.0
1.4148363925050944
0.0
1.3272874665562995
0.0
0.0
1.4448577533476055
0.0
0.0
0.0
0.48585312811337644
0.0
0.0
0.0
0.5965512414804834
1.4147086038428824
0.0
0.0
0.0
0.0
0.0
0.4196989584925177
0.0
0.0
0.0
0.7264250053121941
0.0
0.0
0.5824265918563469
0.0
0.0
0.0
0.0
1.4148363925050944
0.0
1.3272874665562995
0.0
0.0
1.4448577533476055
0.0
0.0
0.0
0.48585312811337644
0.0
0.0
0.0
0.5965512414804834
1.4147086038428824
0.0
0.0
0.0
0.0
0.0
0.4196989584925177
0.0
0.0
0.0
0.7264250053121941
0.0
0.0
0.5824265918563469
0.0
0.0
0.0
0.0
1.4148363925050944
0.0
1.3272874665562995
0.0
0.0
1.4448577533476055
0.0
0.0
0.0
0.48585312811337644
0.0
0.0
0.0
0.5965512414804834
1.4147086038428824
0.0
0.0
0.0
0.0
0.0
0.4196989584925177
0.0
0.0
0.0
0.7264250053121941
0.0
0.0
0.5824265918563469
0.0
0.0
0.0
0.0
1.4148363925050944
0.0
1.3272874665562995
0.0
0.0
1.4448577533476055
0.0
0.0
0.0
0.48585312811337644
0.0
0.0
0.0
0.5965512414804834
1.4147086038428824
0.0
0.0
0.0
0.0
0.0
0.4196989584925177
0.0
0.0
0.0
0.7264250053121941
0.0
0.0
0.5824265918563469
0.0
0.0
0.0
0.0
1.4148363925050944
0.0
1.3272874665562995
0.0
0.0
1.4448577533476055
0.0
0.0
0.0
0.48585312811337644
0.0
0.0
0.0
0.5965512414804834
1.4147086038428824
0.0
0.0
0.0
0.0
0.0
0.4196989584925177
0.0
0.0
0.0
0.7264250053121941
0.0
0.0
0.5824265918563469
0.0
0.0
0.0
0.0
1.4148363925050944
0.0
1.3272874665562995
0.0
0.0
1.4448577533476055
0.0
0.0
0.0
0.48585312811337644
0.0
0.0
0.0
0.5965512414804834
1.4147086038428824
0.0
0.0
0.0
0.0
0.0
0.4196989584925177
0.0
0.0
0.0
0.7264250053121941
0.0
0.0
0.0
0.0
0.0
0.0
0.0
1.4266079621156678
0.0
1.3453380701248534
0.0
0.0
1.4501687567681074
0.0
0.0
0.0
0.4932694253875525
0.0
0.0
0.0
0.6065716479824914
0.11304529136396013
0.11233546306903008
0.0
0.0
0.0
0.0
0.022883483183250064
0.0
0.0
0.0
0.7241578625835245
0.0
0.0
0.6347015176870627
0.0
0.0
0.0
0.0
1.4291149189230055
0.0
1.346703763352707
0.0
0.0
0.12160820607095957
0.0
0.0
0.0
0.5038992994232103
0.0
0.0
0.0
0.5990480270193075
1.4152542022056878
0.0
0.0
0.0
0.0
0.0
0.42186837124609156
0.0
0.0
0.0648348550312221
0.06361032612039708
0.0
0.0
0.630347778009309
0.0
0.0
0.0
0.0
1.4190280586481094
0.0
1.3541334395413287
0.0
0.0
1.461307952646166
0.0
0.0
0.0
0.4927731336792931
0.0
0.0
0.0
0.602162851668254
1.4177155102661345
0.0
0.0
0.0
0.0
0.0
0.4220604162874224
0.0
0.0
0.08262357406783849
0.06252078591205645
0.0
0.0
0.630347778009309
0.0
0.0
0.0
0.0
1.4190280586481094
0.0
1.3541334395413287
0.0
0.0
1.461307952646166
0.0
0.0
0.0
0.4927731336792931
0.0
0.0
0.0
0.602162851668254
1.4177155102661345
0.0
0.0
0.0
0.0
0.0
0.4220604162874224
0.0
0.0
0.08262357406783849
0.06252078591205645
0.0
0.0
0.630347778009309
0.0
0.0
0.0
0.0
1.4190280586481094
0.0
1.3541334395413287
0.0
0.0
1.461307952646166
0.0
0.0
0.0
0.4927731336792931
0.0
0.0
0.0
0.602162851668254
1.4177155102661345
0.0
0.0
0.0
0.0
0.0
0.4220604162874224
0.0
0.0
0.08262357406783849
0.06252078591205645
0.0
0.0
0.630347778009309
0.0
0.0
0.0
0.0
1.4190280586481094
0.0
1.3541334395413287
0.0
0.0
1.461307952646166
0.0
0.0
0.0
0.4927731336792931
0.0
0.0
0.0
0.602162851668254
1.4177155102661345
0.0
0.0
0.0
0.0
0.0
0.4220604162874224
0.0
0.0
0.08262357406783849
0.06252078591205645
0.0
0.0
0.630347778009309
0.0
0.0
0.0
0.0
1.4190280586481094
0.0
1.3541334395413287
0.0
0.0
1.461307952646166
0.0
0.0
0.0
0.4927731336792931
0.0
0.0
0.0
0.602162851668254
1.4177155102661345
0.0
0.0
0.0
0.0
0.0
0.4220604162874224
0.0
0.0
0.08262357406783849
0.06252078591205645
0.0
0.0
0.630347778009309
0.0
0.0
0.0
0.0
1.4190280586481094
0.0
1.3541334395413287
0.0
0.0
1.461307952646166
0.0
0.0
0.0
0.4927731336792931
0.0
0.0
0.0
0.602162851668254
1.4177155102661345
0.0
0.0
0.0
0.0
0.0
0.4220604162874224
0.0
0.0
0.08262357406783849
0.06252078591205645
0.0
0.0
0.630347778009309
0.0
0.0
0.0
0.0
1.4190280586481094
0.0
1.3541334395413287
0.0
0.0
1.461307952646166
0.0
0.0
0.0
0.4927731336792931
0.0
0.0
0.0
0.602162851668254
1.4177155102661345
0.0
0.0
0.0
0.0
0.0
0.4220604162874224
0.0
0.0
0.08262357406783849
0.06252078591205645
0.0
0.0
0.630347778009309
0.0
0.0
0.0
0.0
1.4190280586481094
0.0
1.3541334395413287
0.0
0.0
1.461307952646166
0.0
0.0
0.0
0.4927731336792931
0.0
0.0
0.0
0.602162851668254
1.4177155102661345
0.0
0.0
0.0
0.0
0.0
0.4220604162874224
0.0
0.0
0.08262357406783849
0.06252078591205645
0.0
0.0
0.630347778009309
0.0
0.0
0.0
0.0
1.4190280586481094
0.0
1.3541334395413287
0.0
0.0
1.461307952646166
0.0
0.0
0.0
0.4927731336792931
0.0
0.0
0.0
0.602162851668254
1.4177155102661345
0.0
0.0
0.0
0.0
0.0
0.4220604162874224
0.0
0.0
0.08262357406783849
0.06252078591205645
0.0
0.0
0.5887940320828599
0.0
0.0
0.0
0.0
1.414840521104634
0.0
1.3425298845055331
0.0
0.0
1.4576528666467936
0.0
0.0
0.0
0.4881455036496524
0.0
0.0
0.0
0.5948353050908647
1.4172581904808599
0.0
0.0
0.0
0.0
0.0
0.4213042343465478
0.0
0.0
0.0
0.5402986081072252
0.0
0.0
0.6271752565223484
0.0
0.0
0.0
0.0
1.4194723278284074
0.0
1.3415839484607452
0.0
0.0
1.4504516237835383
0.0
0.0
0.0
0.4912501100830816
0.0
0.0
0.0
0.6043325865747381
1.4154145570160301
0.12867444381842563
0.0
0.0
0.0
0.0
0.42076031865160307
0.0
0.0
0.04255137829265243
0.17903145290471786
0.0
0.0
0.6298808363835526
0.0
0.0
0.0
0.0
1.4187203107073028
0.0
1.3533704531166757
0.0
0.0
1.460520797107807
0.0
0.0
0.0
0.49249330509371836
0.0
0.0
0.0
0.6021555598691681
1.4177493381111965
0.0
0.0
0.0
0.0
0.0
0.4218510118715879
0.0
0.0
0.08291135683847481
0.06261703696612077
0.0
0.0
0.0
0.0
0.0
0.0
0.0
1.4245109894545749
0.0
1.365903724275995
0.0
0.0
1.4645260062534362
0.0
0.0
0.0
0.4963787055457942
0.0
0.0
0.0
0.6069753475021571
0.11758661424391903
0.0
0.0
0.0
0.0
0.0
0.023411474747263128
0.0
0.0
0.09047279751393944
0.0633560432906961
0.0
0.0
0.0
0.0
0.0
0.0
0.0
0.10900441079866141
0.0
0.11051795596722513
0.0
0.0
0.120747972978279
0.0
0.0
0.0
0.4952337332069874
0.0
0.0
0.0
0.024001782527193427
0.11605877317197155
0.0
0.0
0.0
0.0
0.0
0.4169121675658971
0.0
0.0
0.0
0.062450231140246615
0.0
0.0
0.0
0.0
0.0
0.0
0.0
0.10779628774616867
0.0
0.11140177614288405
0.0
0.0
0.12599178892560303
0.0
0.0
0.0
0.4902751431800425
0.0
0.0
0.0
0.017727495403960347
0.11644199893635232
0.0
0.0
0.0
0.0
0.0
0.41695827760122484
0.0
0.0
0.0
0.0628745331778191
0.0
0.0
0.0
0.0
0.0
0.0
0.0
0.10779628774616867
0.0
0.11140177614288405
0.0
0.0
0.12599178892560303
0.0
0.0
0.0
0.4902751431800425
0.0
0.0
0.0
0.017727495403960347
0.11644199893635232
0.0
0.0
0.0
0.0
0.0
0.41695827760122484
0.0
0.0
0.0
0.0628745331778191
0.0
0.0
0.0
0.0
0.0
0.0
0.0
0.10779628774616867
0.0
0.11140177614288405
0.0
0.0
0.12599178892560303
0.0
0.0
0.0
0.4902751431800425
0.0
0.0
0.0
0.017727495403960347
0.11644199893635232
0.0
0.0
0.0
0.0
0.0
0.41695827760122484
0.0
0.0
0.0
0.0628745331778191
0.0
0.0
0.0
0.0
0.0
0.0
0.0
0.10779628774616867
0.0
0.11140177614288405
0.0
0.0
0.12599178892560303
0.0
0.0
0.0
0.4902751431800425
0.0
0.0
0.0
0.017727495403960347
0.11644199893635232
0.0
0.0
0.0
0.0
0.0
0.41695827760122484
0.0
0.0
0.0
0.0628745331778191
0.0
0.0
0.0
0.0
0.0
0.0
0.0
0.10779628774616867
0.0
0.11140177614288405
0.0
0.0
0.12599178892560303
0.0
0.0
0.0
0.4902751431800425
0.0
0.0
0.0
0.017727495403960347
0.11644199893635232
0.0
0.0
0.0
0.0
0.0
0.41695827760122484
0.0
0.0
0.0
0.0628745331778191
0.0
0.0
0.0
0.0
0.0
0.0
0.0
0.10779628774616867
0.0
0.11140177614288405
0.0
0.0
0.12599178892560303
0.0
0.0
0.0
0.4902751431800425
0.0
0.0
0.0
0.017727495403960347
0.11644199893635232
0.0
0.0
0.0
0.0
0.0
0.41695827760122484
0.0
0.0
0.0
0.0628745331778191
0.0
0.0
0.0
0.0
0.0
0.0
0.0
0.10779628774616867
0.0
0.11140177614288405
0.0
0.0
0.12599178892560303
0.0
0.0
0.0
0.4902751431800425
0.0
0.0
0.0
0.017727495403960347
0.11644199893635232
0.0
0.0
0.0
0.0
0.0
0.41695827760122484
0.0
0.0
0.0
0.0628745331778191
0.0
0.0
0.0
0.0
0.0
0.0
0.0
0.10779628774616867
0.0
0.11140177614288405
0.0
0.0
0.12599178892560303
0.0
0.0
0.0
0.4902751431800425
0.0
0.0
0.0
0.017727495403960347
0.11644199893635232
0.0
0.0
0.0
0.0
0.0
0.41695827760122484
0.0
0.0
0.0
0.0628745331778191
0.0
0.0
0.0
0.0
0.0
0.0
0.0
0.10779628774616867
0.0
0.11140177614288405
0.0
0.0
0.12599178892560303
0.0
0.0
0.0
0.4902751431800425
0.0
0.0
0.0
0.017727495403960347
0.11644199893635232
0.0
0.0
0.0
0.0
0.0
0.41695827760122484
0.0
0.0
0.0
0.0628745331778191
0.0
0.0
0.6028302955998146
0.0
0.0
0.0
0.0
0.1849101299031948
0.0
0.11101089612211046
0.0
0.0
0.12376993514926118
0.0
0.0
0.0
0.4940716471915663
0.0
0.0
0.0
0.014812086109989596
1.2545740089701676
0.0
0.0
0.0
0.0
0.0
0.41981855228987824
0.0
0.0
0.06578343676394033
0.06182017866910125
0.0
0.0
0.0
0.0
0.0
0.0
0.0
0.5062130859500601
0.0
1.2980111265397523
0.0
0.0
1.0983619539295413
0.0
0.0
0.0
0.4911039470096904
0.0
0.0
0.0
0.5130281638856247
0.11545584684120282
0.0
0.0
0.0
0.0
0.0
0.41875103508029815
0.0
0.0
0.0
0.0635965349120727
0.0
0.0
0.0
0.0
0.0
0.0
0.0
0.10586115402470836
0.0
0.11272062361582785
0.0
0.0
0.346756397979334
0.0
0.0
0.0
0.489108903426677
0.0
0.0
0.0
0.022859723145580466
0.11692248109115205
0.0
0.0
0.0
0.0
0.0
0.41698910284013596
0.0
0.0
0.0
0.06238611887709018
0.0
0.0
0.0
0.0
0.0
0.0
0.0
0.11361180536914617
0.0
0.11586731282295659
0.0
0.0
0.12773183034732938
0.0
0.0
0.0
0.4896778709371574
0.0
0.0
0.0
0.022031666478142142
0.11877068092871923
0.0
0.0
0.0
0.0
0.0
0.02077982344053453
0.0
0.0
0.0
0.061922435532324016
0.0
0.0
0.003703099675476551
0.0
0.0
0.0
0.0
0.122406966984272
0.0
0.10917439311742783
0.0
0.0
0.12037908285856247
0.0
0.0
0.0
0.035166606307029724
0.0
0.0
0.0
0.03683976083993912
0.11913120746612549
0.0
0.0
0.0
0.0
0.0
0.02789963036775589
0.0
0.0
0.0
0.05927939713001251
0.0
0.0
0.003703099675476551
0.0
0.0
0.0
0.0
0.122406966984272
0.0
0.10917439311742783
0.0
0.0
0.12037908285856247
0.0
0.0
0.0
0.035166606307029724
0.0
0.0
0.0
0.03683976083993912
0.11913120746612549
0.0
0.0
0.0
0.0
0.0
0.02789963036775589
0.0
0.0
0.0
0.05927939713001251
0.0
0.0
0.003703099675476551
0.0
0.0
0.0
0.0
0.122406966984272
0.0
0.10917439311742783
0.0
0.0
0.12037908285856247
0.0
0.0
0.0
0.035166606307029724
0.0
0.0
0.0
0.03683976083993912
0.11913120746612549
0.0
0.0
0.0
0.0
0.0
0.02789963036775589
0.0
0.0
0.0
0.05927939713001251
0.0
0.0
0.003703099675476551
0.0
0.0
0.0
0.0
0.122406966984272
0.0
0.10917439311742783
0.0
0.0
0.12037908285856247
0.0
0.0
0.0
0.035166606307029724
0.0
0.0
0.0
0.03683976083993912
0.11913120746612549
0.0
0.0
0.0
0.0
0.0
0.02789963036775589
0.0
0.0
0.0
0.05927939713001251
0.0
0.0
0.003703099675476551
0.0
0.0
0.0
0.0
0.122406966984272
0.0
0.10917439311742783
0.0
0.0
0.12037908285856247
0.0
0.0
0.0
0.035166606307029724
0.0
0.0
0.0
0.03683976083993912
0.11913120746612549
0.0
0.0
0.0
0.0
0.0
0.02789963036775589
0.0
0.0
0.0
0.05927939713001251
0.0
0.0
0.003703099675476551
0.0
0.0
0.0
0.0
0.122406966984272
0.0
0.10917439311742783
0.0
0.0
0.12037908285856247
0.0
0.0
0.0
0.035166606307029724
0.0
0.0
0.0
0.03683976083993912
0.11913120746612549
0.0
0.0
0.0
0.0
0.0
0.02789963036775589
0.0
0.0
0.0
0.05927939713001251
0.0
0.0
0.003703099675476551
0.0
0.0
0.0
0.0
0.122406966984272
0.0
0.10917439311742783
0.0
0.0
0.12037908285856247
0.0
0.0
0.0
0.035166606307029724
0.0
0.0
0.0
0.03683976083993912
0.11913120746612549
0.0
0.0
0.0
0.0
0.0
0.02789963036775589
0.0
0.0
0.0
0.05927939713001251
0.0
0.0
0.003703099675476551
0.0
0.0
0.0
0.0
0.122406966984272
0.0
0.10917439311742783
0.0
0.0
0.12037908285856247
0.0
0.0
0.0
0.035166606307029724
0.0
0.0
0.0
0.03683976083993912
0.11913120746612549
0.0
0.0
0.0
0.0
0.0
0.02789963036775589
0.0
0.0
0.0
0.05927939713001251
0.0
0.0
0.003703099675476551
0.0
0.0
0.0
0.0
0.122406966984272
0.0
0.10917439311742783
0.0
0.0
0.12037908285856247
0.0
0.0
0.0
0.035166606307029724
0.0
0.0
0.0
0.03683976083993912
0.11913120746612549
0.0
0.0
0.0
0.0
0.0
0.02789963036775589
0.0
0.0
0.0
0.05927939713001251
0.0
0.0
0.003703099675476551
0.0
0.0
0.0
0.0
0.122406966984272
0.0
0.10917439311742783
0.0
0.0
0.12037908285856247
0.0
0.0
0.0
0.035166606307029724
0.0
0.0
0.0
0.03683976083993912
0.11913120746612549
0.0
0.0
0.0
0.0
0.0
0.02789963036775589
0.0
0.0
0.0
0.05927939713001251
0.0
0.0
0.0
0.0
0.0
0.0
0.0
0.11699802708793797
0.0
0.10536949437422057
0.0
0.0
0.1187238961649949
0.0
0.0
0.0
0.060896904407954755
0.0
0.0
0.0
0.03281718209276305
0.11706123151907734
0.0
0.0
0.0
0.0
0.0
0.37410270240815247
0.0
0.0
0.0
0.06021493018545466
0.0
0.0
0.0
0.0
0.0
0.0
0.0
0.11905325937002678
0.0
0.11326465641340132
0.0
0.0
0.12389397384489284
0.0
0.0
0.0
0.17562263663926655
0.0
0.0
0.0
0.031710116867450816
0.11884900746124057
0.0
0.0
0.0
0.0
0.0
0.02431665316946558
0.0
0.0
0.0
0.06017710042754462
0.0
0.0
0.0021394345580654983
0.0
0.0
0.0
0.0
0.12203742346233305
0.0
0.10944473811233525
0.0
0.0
0.12198307361892041
0.0
0.0
0.0
0.03364986112231717
0.0
0.0
0.0
0.03492056713165606
0.11924842946464195
0.0
0.0
0.0
0.0
0.0
0.027913734613856135
0.0
0.0
0.0
0.05940918363562292
0.0
0.0
0.003703099675476551
0.0
0.0
0.0
0.0
0.122406966984272
0.0
0.10917439311742783
0.0
0.0
0.12037908285856247
0.0
0.0
0.0
0.035166606307029724
0.0
0.0
0.0
0.03683976083993912
0.11913120746612549
0.0
0.0
0.0
0.0
0.0
0.02789963036775589
0.0
0.0
0.0
0.05927939713001251
0.0
0.0
